100
-167 465 -585 884 -186 990 -562 803 -627 966 914 288 -725 274 -572 387 -90 840 -822 71 -55 -506 549 -120 -149 -690 821 -398 -277 -940 395 386 527 535 788 41 317 -963 867 459 -542 293 -862 116 134 627 274 -355 106 492 979 14 -601 -657 -641 -516 -270 561 102 747 205 -988 353 -591 851 182 -213 71 -976 135 214 -402 93 -301 549 945 321 935 -766 567 -854 652 45 -445 -850 -901 531 -598 414 464 406 -327 -568 350 -314 -277 193 -219 -352 724
134 -582 175 966 -622 74 968 569 731 -730 818 -120 -179 -383 201 119 480 478 -341 582 -242 690 -828 699 565 -53 653 542 630 -202 898 -550 -921 258 -528 552 -628 -829 99 370 963 791 639 -791 -425 -305 857 583 189 -527 -131 169 731 128 994 897 813 -967 933 546 -642 -100 426 -838 854 -613 619 -12 920 6 -166 303 527 -81 988 -112 637 -526 -867 661 764 439 -876 -929 -384 41 -654 928 -797 -61 571 876 235 41 75 -811 973 369 918 763
-110 -578 -512 -65 124 402 -875 854 -602 409 -739 876 305 -816 -20 -688 36 747 -266 552 220 731 56 -330 -773 295 -457 -703 617 178 370 -234 -165 349 611 -597 740 -704 -596 -68 137 475 -837 80 572 -649 108 -663 208 -755 987 -419 -506 -977 -616 -380 631 634 -977 -336 273 676 -557 -780 522 205 -769 -558 -110 772 471 44 -14 -322 171 866 665 -987 760 -278 448 416 316 586 -638 -679 699 -859 287 502 143 413 -280 951 -19 -484 265 -683 827 881
-992 283 -200 519 11 628 552 -946 -390 -348 972 266 191 -59 -168 -324 848 585 -873 -135 478 -591 105 -755 116 294 296 -650 243 -650 -262 -406 861 93 -151 135 -332 291 27 757 -841 417 -823 -910 -175 294 557 -25 -340 350 972 -33 770 -24 -456 895 70 410 847 858 -243 -305 -795 985 -306 786 -556 -18 432 398 730 -963 694 -633 543 138 425 720 -762 471 -976 210 959 -675 575 116 -843 -106 -636 416 581 -418 960 774 448 93 -303 161 331 -660
-510 96 -137 841 -836 -406 -705 719 471 -771 -534 284 288 -838 958 -730 -737 -975 -767 -413 508 -617 337 533 -417 -359 166 868 -799 -688 775 -937 119 -115 176 520 -88 76 -713 -629 -845 -260 967 139 588 -743 -682 856 48 -686 623 -865 54 810 419 823 -329 -96 703 -938 162 -138 16 -352 558 204 556 -466 50 -844 693 112 620 781 -919 900 -956 378 -849 -848 232 813 -54 332 -907 808 871 486 732 -783 -138 537 741 -977 992 -713 -413 -8 -393 -984
480 -368 -259 -609 760 983 -411 -310 -217 257 900 190 -87 -660 -356 -556 807 143 27 -899 -925 -723 26 -558 -239 997 -763 -635 824 212 -813 -772 679 -953 434 560 57 33 -218 -304 570 -460 238 864 303 148 -814 863 -734 765 526 -106 389 -56 729 -158 -683 572 -821 522 -781 965 -739 686 -873 41 541 -370 -561 322 -770 -420 -110 -295 686 416 87 580 -952 32 488 152 -648 696 930 -371 862 -310 691 -334 370 -876 465 50 819 -327 -314 -463 -284 -932
243 832 828 -250 475 634 597 -229 -846 -420 981 -976 396 -231 516 -813 -928 338 -215 -139 -698 560 898 -11 -760 -687 -410 -920 211 -883 739 -107 255 907 276 473 817 -103 -85 429 346 -342 365 -562 -248 49 887 100 -640 -21 199 193 -250 -904 -712 -944 -523 -356 -291 530 261 465 610 -46 786 661 589 -154 -626 -57 -106 264 690 532 910 -966 -52 -586 173 -400 -329 -927 4 565 830 301 -489 -493 357 353 46 422 -778 -193 936 -39 -742 83 -705 841
972 -602 552 848 -81 418 -242 395 -903 -54 918 171 -141 -291 -298 -1 463 -295 287 409 349 -296 252 330 369 986 -10 -770 970 -430 -430 -290 -815 -385 291 -882 350 -878 673 328 -196 284 -458 292 -418 156 728 -970 -268 -804 460 -556 -98 462 -629 100 -234 -371 194 230 -505 -984 140 323 107 -446 -638 793 -446 497 537 -362 32 149 251 -776 -456 19 445 -372 -170 -814 -595 274 897 215 197 239 101 -800 -805 713 -174 -191 29 -445 -515 709 634 281
893 427 -994 -516 848 -441 -805 188 -865 8 -264 169 559 894 909 -338 -53 -439 498 -439 87 157 753 -352 -543 699 -914 -52 424 -721 547 564 195 604 -517 -532 601 -926 116 -124 818 -110 205 -431 786 -774 -477 -338 -214 941 749 427 60 107 858 532 631 844 239 -638 210 -51 514 -406 -907 504 -110 -501 -976 404 750 -6 32 -40 394 25 876 -903 -296 721 239 954 479 263 -792 282 405 335 -50 218 -684 388 -882 73 1 -739 670 -851 364 258
-189 600 -236 490 945 -658 294 -179 94 -110 180 -984 985 -853 -522 291 546 857 520 893 -312 -592 626 -351 -410 -544 -43 -12 337 151 506 -906 829 982 -403 -967 -144 -204 -170 452 907 509 -451 -106 -129 14 -35 -153 -387 -207 51 -875 577 543 685 774 -674 -660 -940 -696 -547 609 329 757 -464 -947 -172 -341 836 -662 -547 117 365 -405 273 565 -857 463 219 167 829 327 -416 15 835 -252 297 -637 -206 135 817 -839 -844 134 -593 971 -167 914 559 -515
969 48 -644 -921 25 -277 -686 -211 -693 -909 911 -277 234 493 -790 -233 816 501 867 -976 -757 -807 -961 740 -291 318 966 -230 863 715 811 -544 283 198 -677 -907 -400 -644 414 341 359 -43 752 611 804 813 534 103 575 -859 120 -424 679 -964 205 -245 -627 -800 -549 -253 561 -449 -482 -410 678 312 -790 -361 -712 678 28 -937 278 605 -132 -284 359 -277 521 -89 -714 453 169 618 818 763 -480 52 166 508 814 -944 518 -914 614 -617 -948 -718 -335 571
-619 686 -251 757 -978 337 943 409 592 -279 342 46 -407 60 927 -293 207 502 -502 446 -215 74 -817 583 -860 -410 -149 -966 558 -802 725 -859 -544 250 -234 973 -386 -659 -697 -797 930 721 524 -88 -362 -581 225 -861 558 758 -812 158 -717 641 -312 -935 -704 -62 361 466 789 -920 981 798 105 -610 358 -65 114 280 -992 610 522 846 50 695 -585 -496 -157 -706 -755 -212 -900 -107 -23 378 -183 -784 -295 -944 45 770 -197 -55 -900 -465 -127 -776 769 362
823 69 -766 525 -273 -216 12 158 352 -981 595 432 -249 285 -919 -132 -875 -21 338 609 344 -193 -634 924 -329 525 -666 563 980 -472 -343 84 -828 551 175 990 -389 220 -565 -968 931 -734 -451 -239 -656 -837 -305 284 -233 -6 120 428 598 -658 665 -438 -712 357 -111 312 50 -134 205 593 813 236 -529 -103 -62 -626 43 -452 126 -584 -229 -435 -35 -950 808 781 -652 -417 57 -579 -289 -556 28 -599 666 522 344 340 -239 -683 -561 134 -138 180 -900 -870
457 253 412 -93 -942 547 89 -888 746 293 41 -840 -238 289 -829 345 -753 90 525 -148 730 -318 -193 559 -625 -492 -885 382 -280 745 119 620 -688 775 -196 -990 684 -192 -427 -61 -685 -246 -362 -520 -671 -676 -789 -900 70 -597 -436 516 -497 -330 -880 -782 507 -279 -775 843 -82 -159 576 -860 561 -141 -994 -225 -455 -710 -431 948 -259 -225 745 -410 320 810 796 -335 955 -18 542 -310 -734 -656 744 505 -374 -719 680 -669 -917 986 150 600 -821 -959 -992 -75
247 412 -524 303 -583 -886 669 -576 -710 -169 472 846 -425 -264 425 -192 412 -170 -353 -218 989 825 -855 -814 194 -638 -473 -791 -136 296 924 379 -785 847 -963 -710 969 -979 793 306 525 -75 -134 -54 -14 212 943 460 -327 -681 189 351 783 239 -897 983 -628 -873 517 876 979 47 502 623 598 -648 710 465 -698 794 414 701 -585 550 -567 -350 -491 -939 817 876 129 -805 732 515 461 -900 -961 -238 -313 140 645 48 -856 902 -173 674 623 -190 138 -209
-593 807 -541 448 161 -107 372 401 -847 656 -987 795 -871 271 -460 -969 992 946 -914 387 354 -145 871 -425 589 -143 642 -84 611 916 951 956 -284 238 505 107 -834 -127 876 126 60 352 -85 703 14 -21 -655 -479 -221 -513 449 163 -627 -690 810 145 388 61 -912 -835 533 875 228 -697 -972 -645 255 417 519 326 -861 -517 14 -425 300 -427 363 327 436 -510 -480 710 107 999 -791 -172 -812 271 -634 807 -589 315 -226 -489 424 79 -155 518 304 -468
914 -807 123 -554 24 963 746 -261 -860 -651 76 -217 -868 -331 721 669 -983 -47 373 -657 -452 937 -572 -402 -455 -876 610 -544 -143 -271 827 67 -359 208 -912 -719 589 -934 -95 837 -781 943 -143 42 -617 -630 54 -586 264 -249 251 786 -541 645 -131 -681 745 -110 -256 -497 -556 -264 -638 -970 769 170 806 -421 719 -832 161 -919 -515 -430 -24 -704 289 -357 -365 -44 489 -349 -589 -995 -397 -147 -641 96 -471 -267 -171 -392 46 -331 719 -85 -852 740 -758 794
218 -403 -806 305 486 -955 102 -42 -940 722 264 590 -729 -160 -875 -572 -182 130 -487 339 330 145 -791 695 746 -987 24 -275 -189 -994 727 -397 180 -675 -936 -204 834 186 288 943 -285 871 323 -950 699 928 814 847 -714 126 925 -480 -610 -641 -712 546 405 -104 4 519 520 464 -989 673 296 233 -542 -778 31 -269 676 364 511 329 720 -571 -320 189 -246 562 -883 999 -766 571 -278 -899 -870 854 347 -584 754 805 -913 -193 -170 -943 276 -284 -740 108
618 306 -307 994 530 -358 928 -873 19 -195 -506 839 -631 -99 829 662 -551 350 -999 -790 -219 36 792 -465 -485 -929 34 -329 -376 -773 -704 -34 -639 629 -26 900 42 -488 216 129 151 -235 340 964 -821 185 -5 585 948 862 -525 687 487 -788 466 754 764 -250 369 -571 -618 654 -222 -711 892 913 -178 -734 -393 -564 -758 -109 -974 423 703 419 629 -130 -610 -611 438 718 286 -910 33 -658 328 -217 -985 -700 -740 -803 635 -910 189 356 -849 732 279 165
912 -19 -383 427 962 239 -181 88 -961 -16 -592 -443 -143 420 -505 645 608 275 -30 129 -345 412 287 749 -306 937 678 -368 -989 -252 868 -45 153 191 -752 748 -749 -814 553 -434 -810 234 -473 947 -65 -923 -356 362 72 585 883 994 -986 -192 726 740 177 -31 884 638 -101 -623 -886 929 839 65 -830 307 486 317 -67 -839 528 -985 359 682 821 847 -28 149 -76 484 -469 -458 -725 587 -980 593 903 179 -671 51 -521 -191 -655 -63 -704 -900 305 718
-597 -891 -679 -359 -141 20 628 944 570 -827 50 -271 -39 -382 947 691 694 784 -121 309 -70 749 320 -89 575 413 -122 -668 55 305 837 -312 -403 903 -697 942 -887 744 -328 -770 -790 -276 -705 804 -232 -115 314 -924 -839 -903 -148 -513 -130 882 63 806 -317 869 -748 814 538 -379 -358 -149 -562 734 -671 -271 -225 247 3 -263 -981 150 952 -359 83 51 -526 -498 731 406 -665 -941 -46 130 823 144 -75 437 725 -53 20 191 47 -935 -560 982 -377 -520
-676 -246 952 -630 975 341 -617 70 983 -32 29 -578 -250 303 852 -237 20 -444 -280 -248 -781 301 125 225 525 -108 561 591 -235 -700 409 736 -442 939 723 -268 -474 -378 -155 -41 -216 -478 487 833 846 -854 992 -31 369 694 -74 -536 -321 655 65 -299 -931 -995 764 -42 -657 543 -394 12 -372 238 -575 -516 474 -737 -924 -960 -345 -888 -110 84 88 550 597 74 230 655 -613 490 294 -284 108 108 669 789 5 381 777 -76 -617 710 215 -824 788 -241
770 -642 262 456 465 -702 -776 -927 -107 806 510 -786 -860 -295 742 -494 -725 -193 288 142 -901 -646 628 714 364 662 -959 192 -355 -483 997 943 -697 637 -584 78 377 -97 -453 -128 -465 956 308 -12 -999 -188 -235 -208 341 -400 -609 600 956 -93 -517 -35 296 2 434 -130 -284 893 -641 1 330 -657 24 -83 386 368 56 -104 626 -549 482 168 994 -61 -2 808 -765 32 -792 -765 644 -470 -449 -688 95 -269 -396 604 -461 37 -558 -811 708 708 -916 51
425 793 -846 -872 833 408 -425 -427 -427 -548 -20 -114 744 729 -596 157 342 -496 -844 -144 285 -266 -959 883 446 -950 -683 -649 -964 -413 173 -854 -757 570 -57 -399 960 -555 527 -195 270 288 -54 -590 20 -618 322 -73 515 -423 -26 -220 568 364 -698 496 -911 465 -209 820 258 -294 -864 -486 64 405 -480 -32 950 -673 -743 491 215 745 965 866 336 682 136 -236 364 -722 227 762 757 -979 593 338 666 -34 -2 411 -265 831 -453 -267 -812 389 843 46
849 721 -371 594 -270 570 -19 -24 -685 979 682 631 -927 -425 -811 314 -361 -754 104 -293 -793 -880 875 0 -527 257 92 402 -700 -313 -700 639 775 631 -96 73 -662 949 -829 144 17 931 -864 866 414 202 -819 -666 -339 1 33 574 674 -775 -147 -809 443 -314 -510 515 434 326 -425 440 20 -709 320 -310 599 -392 364 25 303 430 410 -202 -43 810 -455 -489 161 540 -817 116 -207 -233 -974 414 -970 -752 188 475 928 -705 312 510 76 946 -647 914
630 -526 44 346 -547 62 734 46 -588 -545 92 29 968 -314 -890 -291 -584 -218 726 -298 10 -286 810 -659 297 444 479 108 -239 -629 88 416 -934 366 -51 908 -84 -211 601 -326 373 -450 832 -458 -186 -909 832 -64 -232 887 -564 639 -951 346 -111 590 -580 -903 -559 -745 683 -300 -695 -774 434 -112 -731 -268 -125 243 -226 -652 538 -316 -798 267 -931 -551 865 -507 -171 -956 905 843 210 -792 -663 -967 830 416 407 235 -573 651 220 -629 -417 388 176 -53
-40 620 -912 898 -893 -209 483 459 281 403 -602 157 631 173 707 600 -212 839 -807 981 921 969 773 503 262 -64 -560 6 198 619 486 -106 -367 710 4 13 3 -109 220 783 655 -657 583 -378 404 -88 165 -884 993 746 -422 710 80 -903 232 656 -83 -632 -276 367 -368 610 -503 518 -235 520 306 -839 -595 299 -998 853 710 -455 -165 -732 411 477 -301 -728 -844 348 -606 416 -375 -618 -84 795 776 -3 998 -660 394 -67 -280 591 -486 242 975 -195
861 198 266 -870 -672 -627 -431 167 266 427 -638 786 945 -556 458 862 -397 -7 -209 746 595 -218 -647 77 -324 604 -603 -213 -378 996 -577 590 -616 341 -79 834 339 989 -755 -714 467 707 520 50 364 99 481 729 -266 -770 -633 502 -401 -28 -90 -296 -27 225 337 -264 -767 568 -690 564 -798 -963 942 -856 -864 -805 -324 -156 -534 503 -462 -554 908 -662 -445 138 301 828 -726 -641 -815 -626 435 -261 698 926 124 -611 -490 -304 200 921 445 -932 -392 705
-771 3 -808 -335 387 -821 259 -162 709 523 -866 -620 494 686 -956 -161 822 438 -111 -503 816 291 360 829 376 -917 370 416 411 -619 838 633 -470 318 649 -731 -88 481 172 58 -434 -272 -870 203 -142 -712 191 498 417 869 892 -493 225 -708 -159 504 -536 -152 -577 171 319 605 -525 -934 393 -159 -714 -946 298 -487 -219 544 626 -273 -904 343 -444 699 211 -210 -101 676 -897 -403 -11 -81 797 -16 444 220 -532 -543 419 792 -325 302 -151 219 -869 -648
88 983 889 -480 967 -965 -739 -373 -966 362 503 -469 -124 -785 -995 -375 -356 621 487 -188 137 81 -347 609 734 -29 -949 -321 -590 257 -455 250 153 344 990 81 -58 -209 434 -551 968 -596 266 628 15 21 -279 130 -1000 805 788 744 -915 266 -339 -572 -332 624 -465 -606 -154 -62 -896 308 646 581 929 -644 119 -917 100 610 370 -754 759 634 -624 -891 433 619 305 -676 464 -958 900 943 574 -759 499 382 -706 -469 593 240 -414 920 44 480 201 -670
-910 923 -427 769 -166 943 -263 108 387 155 261 -218 -611 -774 -72 -825 838 -347 279 -512 962 -512 158 -75 850 -158 666 880 343 855 -577 -220 -25 -394 210 -815 -672 607 -920 940 -699 -422 -815 262 346 -632 -104 -604 -278 959 -623 626 -676 364 -214 -30 -111 -151 812 -69 -22 836 239 451 255 217 830 745 -610 -699 -30 -14 -487 399 155 -418 698 -747 -715 -177 -183 865 -778 270 -102 -970 334 231 316 12 -326 286 -4 -668 -300 338 404 687 318 -907
394 800 231 845 559 -262 356 79 -26 -356 943 -576 -733 -11 482 559 754 555 66 -673 637 657 -952 -675 -227 -243 -423 -726 78 896 940 373 -25 -468 110 -886 130 250 459 -909 -329 -761 846 -825 386 -458 -132 732 -753 583 -417 -354 -742 -493 -676 -952 443 -976 216 778 -977 752 -269 -611 662 446 554 -545 974 495 967 -294 95 227 865 -971 -71 936 -910 -369 894 -34 -525 -375 875 553 140 503 275 948 -914 -543 467 317 -368 910 373 306 -920 -61
-519 -692 -522 980 -502 -628 -59 503 217 -5 819 9 -165 642 -318 -883 851 830 -934 845 -823 -835 -394 430 -750 -543 297 898 296 794 968 283 -229 423 646 282 920 616 -149 -641 -878 -648 -18 676 -592 -29 -786 -401 255 -421 537 551 386 846 704 -15 -746 257 981 -503 533 -987 -155 144 -435 -525 -216 -933 -964 -732 -846 650 971 -984 -913 659 -871 -603 -401 609 -183 231 521 664 996 -806 100 -37 995 873 -835 180 -909 30 -910 365 744 642 -725 -492
340 546 723 -580 -802 811 535 636 738 -805 -415 -394 337 -314 482 186 630 -563 -837 -146 -54 936 -790 875 841 390 -61 -200 -351 648 828 994 706 951 -970 651 16 -130 430 941 869 787 -412 -338 -222 -923 -100 -379 -245 749 640 206 91 -562 -532 -959 -271 -852 982 -97 594 3 684 -238 -577 -400 452 370 752 251 -798 905 -670 666 -479 -379 -688 -203 764 899 -782 546 -826 -354 -578 -171 226 669 937 -852 -620 -943 -337 322 -110 -51 335 -162 186 70
17 -855 -669 653 -180 -722 156 28 321 -864 -905 -363 201 362 71 -495 613 -34 497 -158 -454 -529 -774 904 -958 -686 709 566 -150 127 -274 307 133 -482 -700 244 166 -494 -370 903 -243 849 247 301 768 -944 473 -801 -924 74 -561 -161 592 268 -94 54 -967 -628 572 566 -33 -161 -321 442 363 -928 516 -696 -807 -586 -538 6 -309 896 -389 392 9 971 168 -810 -492 754 191 351 -730 -463 -85 231 -303 -441 831 -996 -52 678 445 -187 -691 -639 254 508
-409 -874 485 532 -138 469 -89 168 -416 -508 101 880 384 680 -201 -821 -337 -494 550 -114 196 -616 265 -536 895 68 -568 490 502 292 783 285 816 539 980 577 255 610 591 896 90 501 -409 -760 -334 41 238 -327 631 434 575 -517 538 963 -246 -639 -410 690 -635 -551 -593 -390 -805 283 -547 -478 -32 321 -842 -39 462 949 241 -501 -197 336 115 305 -944 30 845 -289 449 -308 -514 714 -757 -81 667 -401 735 -823 -405 -192 807 -458 438 -760 -120 438
-895 578 -458 251 184 338 -992 461 -210 -213 -351 403 192 168 -702 -294 -299 201 -689 -384 -472 -203 -762 -354 309 -995 -73 612 736 -866 962 -150 6 -564 -386 80 -482 -834 -927 972 613 -514 232 -444 -290 -873 232 -347 628 -673 -131 345 -304 564 580 -517 196 -374 678 767 946 -105 914 813 -980 -489 714 338 376 -347 -907 689 157 97 -439 243 424 -384 -181 -593 430 378 -176 263 122 536 881 -783 706 244 380 -419 945 -709 -355 710 -834 662 931 -20
-771 871 -876 368 920 -160 239 472 -627 436 -290 -523 269 477 597 -316 207 -351 295 -422 -916 977 904 -337 445 -199 -339 -86 -938 -224 -303 384 970 241 954 -884 -901 -417 -134 42 -894 694 424 -892 -710 183 -673 375 755 -868 -834 -291 -614 -884 533 646 476 480 990 -961 -571 -69 -622 -83 358 -432 746 -178 -834 217 -923 480 993 -650 229 189 766 -806 -660 768 -234 316 956 -267 -581 801 670 427 758 -872 20 480 937 733 -519 702 -74 466 434 -484
-832 605 544 -868 -914 732 2 477 -828 -981 -44 403 -556 -986 -313 -950 583 -346 -507 568 -392 -266 475 -31 -705 189 -300 624 853 522 -434 -487 -479 52 -410 298 815 -242 -354 120 9 -982 -804 332 -288 360 -432 -799 -965 87 669 612 -94 -365 -185 -89 -728 529 -378 773 -873 191 -934 -389 119 -441 663 894 46 925 130 57 294 -327 224 -316 -602 -529 -83 7 518 -726 778 610 -619 -299 -337 -244 244 611 -933 -694 679 -737 -796 75 698 295 -976 870
162 -419 -745 -896 -434 -368 -446 137 -145 -228 -31 -755 -573 -983 -379 -429 -563 113 535 -324 -987 768 38 366 -627 515 -127 -796 818 861 778 -107 -509 904 876 528 908 -526 363 -549 -708 3 -728 625 839 597 -483 184 -147 265 260 693 494 -76 -10 -729 -567 953 284 -127 -114 -321 -646 740 129 354 166 495 -730 914 178 140 -852 -276 234 -240 429 -87 445 991 -250 -100 -181 888 -913 -997 482 529 -218 -370 -789 -343 427 -197 408 332 887 264 -759 -818
438 302 -78 -919 -81 -605 -601 -49 602 -39 723 -403 792 -690 -667 -602 -609 437 -124 154 -312 743 585 171 -622 365 511 -186 635 -809 -114 -299 609 974 -529 144 -639 -707 931 -950 -521 587 377 -724 -238 -426 -754 -857 488 809 -608 -13 -223 765 -596 801 598 210 -4 511 461 -472 -49 -799 -230 -181 -187 131 -797 -108 897 -697 -760 792 -82 296 -972 334 -147 660 79 -458 780 866 -712 -700 -351 938 -832 -693 880 -961 -718 -812 -982 413 510 -780 -726 -59
811 -647 -741 -335 438 -666 224 -242 -471 -568 -973 827 -834 -262 -979 -710 574 829 -832 61 626 -26 -436 -517 -332 -406 -396 571 -141 -178 -355 -639 837 349 -44 -716 -290 -820 919 177 161 945 -895 -892 -667 -585 403 -858 -511 -134 -975 -892 424 600 -367 48 216 22 546 723 -465 -284 -910 758 785 -245 761 -908 -71 883 936 -853 879 819 -459 -577 -880 -24 817 88 27 -460 -982 877 908 96 -663 -716 418 -501 -990 -642 -84 615 421 838 929 799 -711 -618
304 -822 990 578 -518 128 222 237 -443 572 -929 793 -402 318 -363 57 -927 537 265 -55 427 -420 -214 671 -760 842 -897 209 258 949 -561 986 0 459 692 280 230 -1 250 919 129 11 -337 -158 130 21 807 134 -175 938 452 -297 -72 -97 -260 644 193 -787 990 133 261 -461 197 167 75 -855 775 360 -641 343 80 -943 452 948 -383 769 575 882 -380 -982 -660 89 -713 580 -16 539 -359 154 -462 238 -46 -713 -568 491 836 -412 478 497 853 308
802 929 -525 722 564 -934 439 157 969 217 -82 378 -52 65 141 -54 -253 -262 432 -381 295 -582 614 -149 -636 329 807 46 0 525 -125 -100 444 -659 -601 895 -1000 -647 194 262 -304 751 -749 -507 681 211 876 804 -471 600 -728 -348 -872 587 831 -932 -183 -336 200 533 -39 -435 -808 32 -326 112 -883 -707 45 111 -481 149 -759 296 411 855 136 260 -509 -794 -249 223 -433 -452 268 214 735 567 -183 300 -696 396 469 -552 -66 880 -978 -192 592 252
894 -318 -519 490 477 502 971 -1000 -159 210 130 -562 -882 -667 -177 -802 917 469 251 -194 -616 -420 -84 434 -132 -446 -449 -347 -396 -679 152 -962 563 318 563 387 931 -226 -916 119 205 957 757 918 -24 786 -702 -998 810 589 -446 -834 819 275 -510 893 101 442 -276 340 508 406 -631 704 -582 -922 899 -686 -102 719 -306 320 634 362 -586 -104 763 910 -683 578 655 785 -809 -537 -276 732 873 -372 58 -571 28 -978 -30 277 -786 -374 718 688 407 -571
155 -116 -848 -659 436 305 429 -623 -830 739 -171 -365 -812 791 -687 -498 400 -360 421 -924 -469 531 188 -239 -493 -509 -45 -549 515 554 -106 574 330 -894 478 189 -299 -482 -799 -335 309 997 -83 -842 -59 -787 -715 33 -318 603 402 517 -642 157 -838 299 87 -913 18 825 -227 398 -358 365 -78 -175 947 -595 661 -311 394 566 369 -986 619 415 -988 -32 -994 -306 180 388 -466 999 -601 985 -387 340 -320 816 641 558 89 538 370 -733 910 -454 -435 747
-905 248 -954 -562 -440 662 -181 -660 -510 -321 462 945 66 526 380 -719 875 509 973 -200 209 -337 231 179 -520 656 -427 594 -716 184 421 -262 -50 790 233 536 -842 -211 -528 467 18 780 -38 806 530 914 -578 -912 888 -399 864 979 -803 -39 -397 -432 279 668 237 -361 780 -949 842 88 183 -417 755 -35 125 585 -903 138 48 -662 237 -518 30 762 -231 -736 461 257 -891 801 -236 -372 -601 147 854 380 441 682 -225 90 -963 424 -347 -986 -687 574
-516 226 -520 -28 -770 -893 -573 -416 175 -76 920 -80 507 -794 -353 802 329 -722 -462 636 -1 755 736 878 -508 -606 111 -859 -340 433 39 -788 784 -520 -950 397 128 -459 934 -35 -602 951 531 -898 -361 240 692 952 158 567 -570 952 -864 764 774 -515 299 -528 -389 -27 -884 629 -532 -191 694 479 604 131 -118 -451 106 682 -152 458 -624 -805 -465 -586 -686 709 -51 653 436 64 -884 -280 967 942 20 -105 -573 -282 473 429 702 519 -243 -884 -619 767
99 325 962 -972 523 -13 -650 703 190 -654 44 -243 -93 -904 -835 -900 -661 216 -454 100 -887 461 -345 889 -330 656 -372 993 88 -679 337 751 -20 59 200 -40 458 -606 799 -525 990 912 -467 285 672 -880 -170 526 942 374 -111 174 -961 -497 -492 -628 -273 557 821 -376 -517 590 589 -771 813 -206 -385 363 -786 -952 393 -910 -731 -445 -436 -124 -969 534 -90 -575 -451 -61 72 -579 -60 -172 259 655 -501 417 412 596 113 522 -122 -397 -443 -658 -732 -289
802 530 992 -201 501 -310 540 -454 -76 -250 -306 88 799 -929 -428 533 -191 841 357 607 -770 -3 175 -382 264 -9 402 -661 -470 -904 -933 169 683 -897 -845 -923 558 307 59 -282 -297 -327 -455 -919 -285 -910 -395 -795 -222 37 819 -950 -716 -841 493 -1 116 -974 -991 388 -316 766 -195 947 -232 648 532 -147 -844 -233 884 318 -941 -91 -645 112 855 -385 886 -355 387 328 336 -604 281 655 344 743 942 181 686 260 813 -29 -971 790 334 -927 -334 31
450 -105 -104 -132 -392 -542 772 891 942 904 50 -229 538 -492 440 529 -355 111 -806 -593 298 623 -419 560 300 553 23 -754 -7 161 -783 -357 -454 -694 500 -379 -840 915 -879 -828 785 -136 718 893 414 -582 -280 133 838 726 -906 958 -436 754 688 -162 -185 -877 -239 714 -358 208 802 -683 -680 -527 -200 -802 869 -75 -622 -325 819 -944 -834 623 714 -792 -216 -559 678 -281 696 922 820 -654 236 -496 -311 -357 -501 137 -89 963 384 -99 -538 -555 -237 787
-336 825 -193 518 575 -745 121 96 -473 733 -851 386 -321 836 -729 695 -750 226 792 383 -86 497 -92 -441 324 -142 -550 -745 -825 -315 106 24 209 -84 495 -401 -781 337 -349 546 496 557 148 -629 -111 463 203 386 839 -539 349 520 -655 -669 241 -24 -172 -33 483 -910 51 66 -120 860 0 115 637 130 28 618 522 715 661 -179 -764 -288 -884 857 -927 696 402 638 407 471 555 880 864 113 -983 -927 -852 123 255 -40 -433 -31 -989 -577 -116 -762
675 43 -304 213 -83 326 -374 577 848 -155 -712 -207 763 792 -359 611 -37 977 -282 -512 818 -678 -172 -939 931 -294 -657 -580 -5 983 -951 -184 -216 889 156 -570 664 405 -574 282 -74 815 581 -819 -982 210 106 -653 -759 133 126 -468 -820 390 -498 23 -50 240 -400 843 347 125 396 393 946 844 131 -325 -212 643 183 0 -298 -132 249 743 711 374 241 659 165 -522 11 -203 -541 394 297 953 -923 813 -192 -476 662 417 437 -828 -278 -100 702 835
430 -709 148 674 -758 922 -610 284 942 998 -785 164 613 -147 -282 82 491 512 -951 -224 -296 73 -826 787 -424 -326 634 -915 -640 261 -324 -139 350 -292 166 941 -536 907 57 -825 337 -720 -130 90 517 -241 881 665 224 919 -550 -243 -513 467 254 -146 588 -796 142 29 -345 -307 745 -362 39 583 303 995 860 861 -496 419 -799 -214 760 921 363 -708 -34 -894 579 -552 -529 846 -521 -513 435 -248 -315 143 604 -752 -857 318 441 -921 -780 759 -609 386
17 -933 77 -396 41 424 812 941 939 -934 -373 -768 -817 -871 78 -55 510 941 907 -55 600 530 764 887 789 -959 -777 -786 297 264 434 -980 31 -246 -411 -354 -202 150 -215 -477 -769 225 -878 393 286 -342 -434 481 388 -384 680 -646 -483 927 571 334 92 -47 258 -515 238 968 230 56 472 363 886 965 999 -402 405 -37 228 -990 295 -203 846 -327 373 972 849 -116 -963 177 475 -460 853 510 -559 478 17 3 877 805 104 -416 -523 -684 16 842
-889 -221 -922 670 715 883 -617 688 -287 620 -290 372 79 -309 813 -24 -656 -314 867 -629 -956 257 -812 980 592 951 93 633 464 733 790 341 38 -441 26 615 382 464 -144 -508 635 -200 -823 417 54 42 124 706 157 -906 232 -695 -342 563 837 869 624 528 233 -858 -835 779 783 -577 12 874 323 -717 602 -66 442 831 721 854 -310 -577 -677 -936 -294 -823 93 743 292 585 -354 -438 636 -323 -193 -852 -252 -115 -532 -157 -334 -83 -148 -714 -585 -128
-172 -188 647 -839 820 -778 -471 261 93 -54 534 -6 439 -769 230 157 -126 248 -989 -133 134 461 155 114 -193 -666 783 290 189 -602 -435 -527 -869 -159 26 -230 -326 230 -280 706 -843 -626 -180 876 -47 764 -981 630 -664 891 901 -822 -414 -496 498 680 126 -508 176 385 -454 -177 443 -353 -679 113 -506 -807 924 -889 426 274 182 -931 364 330 171 498 -662 164 767 -922 498 672 -586 75 -464 -587 -824 -286 -575 -263 -120 431 -653 -646 972 -281 596 277
590 -297 890 998 902 897 525 -875 648 -508 -601 436 -467 374 968 -276 -940 942 -551 443 -789 591 725 -479 943 910 -927 603 249 936 -521 174 761 563 -423 -491 -414 -993 665 -533 819 46 -410 -342 -900 -466 -367 -408 -962 -977 594 -227 -794 490 -646 843 -997 701 379 663 772 -469 552 684 870 -785 -826 -587 808 -863 102 -389 -538 -74 -816 -81 -88 -232 717 -77 -162 -443 -680 -100 -945 689 164 846 -198 -746 -880 479 348 -758 786 -47 104 -416 471 970
705 -369 594 210 751 417 -49 -736 757 -942 26 782 646 68 -306 272 -432 -808 827 742 367 745 679 350 986 -643 878 456 328 -228 -733 880 -859 998 -561 -825 -168 177 459 843 -907 -331 500 723 310 569 -135 432 -340 645 773 589 948 254 -700 316 -45 425 -439 21 388 -263 631 190 -440 735 531 311 748 -624 -170 834 736 601 296 922 -247 -712 -466 -911 590 213 708 -830 -118 -85 -319 923 -328 385 -252 -470 551 137 -193 -334 -737 -323 269 884
487 -821 891 -22 283 -970 -958 545 -907 610 -720 1 707 -352 321 559 885 -54 -735 672 -1 424 451 -56 -876 423 -346 -511 569 -161 -24 994 -80 757 -37 -633 762 693 995 860 245 -325 -923 -469 682 -715 -896 290 -301 909 930 -139 404 -430 -625 -959 -383 769 -739 -29 -466 116 354 -210 295 906 -546 -27 -226 -32 -71 675 -299 -373 -274 -13 308 117 -318 564 -811 -914 -821 116 -249 -339 855 939 143 786 -635 -821 489 987 489 -105 -666 -88 252 -40
-264 -593 -150 -103 773 982 -836 362 557 -719 60 712 541 298 -126 407 729 294 65 497 -393 -126 74 948 -974 764 914 -604 -663 251 348 650 362 -625 567 -152 -614 -942 -454 -278 990 -864 596 -534 -664 80 545 -38 -688 686 444 774 -12 785 -597 -540 -780 -448 487 16 -430 956 -206 -85 519 687 -708 430 -663 22 719 -665 -935 -585 187 232 845 -752 51 944 448 457 -104 828 -819 389 392 49 -939 -660 867 309 559 130 689 43 711 993 -764 319
534 126 749 -412 -500 -739 557 -226 -653 -506 -612 935 17 -507 202 611 467 41 -670 287 -16 256 840 338 -769 -753 361 -893 -872 -839 -453 -458 635 647 763 -516 -449 899 279 115 314 -587 229 -494 -829 -145 470 522 991 -846 523 -472 3 463 885 116 -438 -858 522 -409 -607 565 -208 -570 -651 -269 621 -56 -350 765 777 -437 213 -770 353 582 237 387 715 539 442 -57 124 -333 -852 604 972 614 77 864 -588 -485 789 749 -530 513 -342 900 -773 521
-847 -699 730 -500 311 322 740 -573 -810 -968 508 730 -896 41 525 -84 179 883 -465 -301 20 453 -741 785 964 694 -125 822 -144 404 -925 554 -865 548 157 -424 707 173 571 470 761 104 944 -721 -793 -782 256 26 724 586 817 333 -27 -374 530 639 444 -633 -547 354 -144 -168 -614 575 -578 448 -862 158 -518 19 -638 -285 -791 -955 450 -918 151 -454 93 189 -839 649 -123 -701 -14 -774 239 22 785 890 -712 -478 80 998 -586 349 182 901 484 521
-222 -41 575 170 304 345 496 562 355 -844 824 -124 718 -858 62 -383 -416 -499 808 -152 -86 197 502 -109 -566 -272 589 -307 85 398 -31 -763 -942 -452 -456 -894 786 594 660 -94 886 -735 627 764 192 547 872 -69 -132 374 329 -253 267 -950 447 907 446 -520 -954 -808 -421 35 -332 -60 355 301 132 135 -412 213 210 -633 -232 334 -281 -690 148 906 -115 889 -266 -301 216 799 255 -254 1000 690 -816 -176 229 957 -958 581 207 889 -756 163 772 470
-353 328 -317 -538 132 -305 -248 228 -230 460 -439 148 588 689 -887 -971 277 523 687 197 438 -386 -545 553 650 -275 -956 19 -8 457 -540 407 -1 -210 -717 209 -628 -647 -738 555 -597 -413 -354 515 877 458 60 -60 638 -228 971 -647 -874 271 461 750 -215 390 873 461 2 858 -800 0 122 574 90 577 669 452 -774 846 678 -936 -596 -715 656 -271 838 -582 -935 -941 442 -770 -659 333 -988 -475 -693 -197 -527 -795 -821 -216 -557 -292 584 664 -861 -136
562 -964 -179 -37 754 -153 905 -387 -664 -147 205 708 228 575 451 338 881 -227 -886 -215 -459 740 144 -433 -390 131 611 -623 829 -89 -86 430 351 -539 -780 -983 -361 182 -915 -525 168 -594 673 45 205 -246 832 -555 274 -506 613 630 -182 593 -916 -770 666 -718 -871 -188 -729 -940 -218 -383 660 248 -280 -940 -944 -574 587 862 -719 94 802 555 -645 -890 -332 868 427 -254 622 988 310 -218 925 545 970 643 681 142 -661 -793 -170 -297 347 879 147 779
624 566 501 -881 873 -533 797 186 -34 462 353 -70 -6 -292 -73 73 24 348 -216 751 -702 467 -681 -232 989 452 29 601 52 548 749 525 872 -658 625 719 -84 311 297 935 818 -494 -53 -885 155 439 -102 -473 376 -641 -299 -951 521 -565 -397 -29 39 -698 257 423 -79 326 -713 937 614 -32 581 -165 -828 528 106 -486 -427 -597 849 -261 1000 734 554 -93 -347 -188 -633 790 -211 -121 -626 995 633 9 -650 784 633 395 764 395 -890 -298 656 611
134 97 -734 595 -582 -892 -632 -276 433 526 543 690 842 -679 872 490 48 400 909 203 -351 559 -236 -794 902 1000 505 12 783 -618 -241 500 155 -514 -29 171 -299 191 -679 -637 -508 -967 -490 -123 38 20 -159 -309 -548 5 -950 543 -195 695 -354 -766 -514 843 584 -265 -132 -774 159 824 -167 -374 -976 -990 -77 437 -925 -910 266 498 893 401 -749 -350 206 -298 693 -55 -106 1000 713 596 -115 799 128 -857 377 628 -28 -365 -253 792 685 643 72 -152
-594 -388 290 216 -350 104 55 -77 755 -388 883 950 969 284 100 725 401 -613 578 453 -14 616 -585 155 -840 326 77 -552 107 -559 239 -588 620 -262 95 -549 477 613 610 823 402 -65 933 850 17 -877 346 -264 188 -265 152 965 -591 -40 647 46 937 388 -488 -638 -39 -947 277 196 305 -305 662 292 -410 223 -894 -102 896 -85 -442 725 -573 -447 574 -490 486 197 -73 750 -46 822 -317 330 -163 -822 -648 -299 -431 -794 604 345 -200 -312 30 -91
812 417 -874 236 -994 -450 -920 11 -885 -113 645 783 369 104 68 -949 864 -525 923 -694 -199 959 488 83 318 -30 449 -494 689 263 -20 145 65 -409 49 757 -41 -299 513 -360 582 644 -760 720 517 286 -642 -89 377 -248 -815 54 708 -676 -42 19 333 -807 -516 -988 340 365 900 -446 -146 -383 597 832 -945 -726 -917 -772 -414 -4 4 618 -499 346 814 333 414 169 382 -524 -44 106 572 -527 -699 206 551 -563 -11 -659 386 633 431 558 917 943
-350 358 3 -813 939 1000 849 347 -722 306 583 -852 -690 -31 -823 -980 111 -368 442 -23 638 614 882 -266 -339 159 627 -610 749 -4 -851 406 181 344 425 -534 894 -54 -240 -807 -948 -31 -458 110 -158 -626 -327 720 746 -501 977 227 -158 704 -192 -452 -240 -624 -631 731 -880 -479 828 519 -633 -494 -551 924 153 -549 503 314 -773 401 -554 256 -71 793 587 177 733 -588 749 480 850 999 -866 -288 885 -691 -578 412 231 -713 -219 309 801 862 -275 -578
845 452 595 819 -549 -637 -307 -888 622 941 300 736 -607 -426 -39 -506 -315 -173 134 62 683 -684 233 69 980 618 -180 -126 -751 -631 -298 -917 -976 317 -793 214 -508 766 -908 656 -811 -79 415 -473 -438 9 -653 728 839 -850 -396 -356 910 -108 -905 -692 948 -827 -584 -76 50 -625 -462 531 -317 274 103 -41 859 233 -602 -299 783 -241 228 146 307 286 791 279 363 -718 -584 734 -18 463 -991 -181 -242 69 -587 -659 253 -11 -505 218 139 -411 973 -313
-219 763 -277 -816 453 119 -659 965 -634 -794 -734 -383 831 -87 -384 749 984 -275 996 -405 -522 291 870 756 -334 -576 638 298 -737 293 -340 505 -775 354 280 194 -242 -217 -75 -93 436 371 -452 151 -420 248 -910 -794 412 -33 18 953 270 66 261 -804 -471 435 742 986 283 170 -185 767 592 -75 492 113 -201 -745 -881 503 681 827 449 -184 634 630 359 -948 -166 379 -545 322 -947 970 -506 -338 -582 -119 367 216 -810 -938 -624 -553 -392 -351 -502 556
-728 193 -706 -416 -717 -297 -848 841 18 196 535 -963 633 -174 -838 -136 121 959 -740 255 -614 -895 917 -996 625 -579 741 -488 476 207 823 -176 -501 499 -467 -373 520 -278 705 974 -151 802 -971 -556 -285 -514 311 -359 -927 587 -420 697 -628 -53 830 -53 -157 -368 273 -202 812 -416 -537 761 342 -273 2 -705 -960 -936 -629 -305 745 651 -226 752 -869 -26 294 -655 862 236 -158 -155 96 74 -67 -305 -237 276 458 531 419 -178 870 -822 -93 -806 917 901
-291 -407 172 57 265 401 410 -558 -591 -652 454 -303 -890 -824 -885 319 -521 -671 776 9 -908 94 -542 468 -878 79 420 881 -535 394 -643 69 144 -913 -614 -816 56 21 -566 588 458 872 83 -756 -962 -111 780 -726 -208 -482 192 -478 441 -496 -750 -16 797 414 -804 446 329 666 874 -34 -959 295 -436 517 785 -777 -58 992 -550 -292 -302 418 782 -173 -626 695 529 -156 326 -28 879 861 762 577 357 321 -1000 -752 -150 -214 407 820 -60 745 129 948
490 -624 889 405 493 -112 37 -822 -987 306 -395 -328 -554 -87 -671 -840 -581 -985 -857 164 537 642 311 64 461 528 777 110 -288 539 -424 694 -77 223 -774 -454 878 949 -143 567 -183 807 -916 248 -338 -987 221 -226 -655 160 1000 -198 -329 -87 242 -665 631 -89 104 350 -861 137 169 630 880 -673 462 506 763 242 -452 994 928 781 -817 932 789 172 -938 -143 76 612 -777 -531 -402 629 -984 558 559 87 -755 -919 -574 144 -466 -671 366 489 -567 601
-74 275 -384 -714 -343 -182 188 -111 -103 321 -425 -70 130 543 -52 41 554 929 -848 22 467 -568 -437 -32 -943 -310 513 -332 -735 971 -30 -389 -142 -608 437 -13 -321 -179 685 697 -10 30 671 765 591 181 -813 -732 -662 -973 747 -614 490 -707 481 834 -542 -412 -468 96 199 -897 106 -544 344 -589 -600 388 241 466 -263 598 -341 -764 -837 -365 795 668 994 -540 754 84 231 57 525 959 -646 418 -105 -906 332 168 874 -832 -911 488 -686 -857 -57 -697
286 -420 -792 950 -633 986 701 -915 275 -687 432 499 344 229 -908 -368 651 -611 -348 -526 -540 580 261 -10 991 -270 518 -843 -360 -56 688 960 -307 31 -161 -294 717 -562 482 195 919 733 301 818 495 13 -12 -854 825 797 73 -931 -946 453 531 -162 -176 403 665 302 185 -854 -14 -40 507 -82 -867 458 390 -191 154 -891 571 394 -489 -186 605 -634 -503 606 -457 -133 237 626 -50 -912 -251 -327 477 -979 -617 -903 990 313 -896 841 -791 478 822 -331
972 -726 864 822 172 173 -963 -457 -997 -849 445 886 185 292 847 190 854 743 969 199 288 97 -552 680 -478 251 480 230 -439 991 -818 -231 -337 -97 356 561 648 945 930 -994 -791 -698 -5 700 237 318 234 532 -921 -884 493 -643 79 340 995 -889 -429 -537 916 880 -371 -952 -146 -215 430 273 594 -851 -110 377 212 -131 424 -117 994 -124 216 -846 -498 -438 532 303 599 737 102 374 -655 398 -238 407 -776 641 552 421 359 -999 -763 -732 -36 39
994 -96 -577 -330 531 -833 -540 454 -340 396 -98 518 553 916 471 269 -162 252 -896 -840 -93 62 -575 -760 -963 563 -316 -857 472 349 -996 419 229 -618 964 881 184 204 331 205 423 -247 -197 442 -767 88 868 -442 -531 -465 -764 -475 513 -688 -47 828 520 -928 -253 -22 -575 473 -537 373 -467 302 708 -245 424 -448 474 457 364 -587 -203 567 846 -849 -219 786 73 -636 -731 548 56 -361 962 -34 330 -994 227 -132 689 -394 888 51 755 -476 670 -369
232 -573 868 185 -699 875 86 227 -866 -205 762 -537 500 -618 -435 -884 973 525 -437 93 457 -949 -293 -299 -556 519 -240 -831 446 -491 -209 33 -600 396 -24 824 -88 42 -481 886 953 957 -997 361 945 323 -549 -370 -580 -791 825 -989 -194 290 -891 -732 387 -120 -903 -767 -805 -780 524 643 -846 -507 535 -65 -666 -162 -162 288 -304 549 -943 -45 -66 -408 390 353 -566 76 -831 366 641 -118 -815 366 -747 -700 -191 462 269 897 220 64 418 420 14 3
787 -721 -533 358 -166 -958 -286 -175 519 -274 317 -468 917 846 -337 752 812 -825 -552 -704 838 -157 968 337 -570 -514 -789 -535 220 970 -166 -392 688 -329 543 -874 -477 -347 -938 125 -465 366 -505 -496 -855 -127 -496 207 -691 530 841 782 369 -894 -307 732 -180 -931 18 327 49 628 62 314 -337 129 -401 -514 18 602 50 -861 712 904 -397 -708 132 -173 -486 809 912 -919 -591 -516 327 -640 -367 435 -349 35 -639 257 226 -360 -6 -853 672 -620 39 -675
-540 -702 -954 91 604 -181 -542 -153 601 -741 -199 -413 469 -713 248 1000 -368 -403 -630 604 -535 882 -624 -5 -518 -42 322 93 -48 -528 865 -843 -968 -874 531 446 446 756 -806 -188 -563 53 36 -853 571 44 465 518 -391 401 -433 -530 892 565 -794 637 -688 -629 -665 -191 664 -916 -823 -433 779 -183 -553 120 -237 -771 103 -517 -125 148 727 373 -374 -747 141 255 -990 666 -613 -733 663 701 702 4 652 -667 -137 801 -425 -55 -142 452 -241 -623 -287 -371
862 -305 -248 743 -800 463 312 35 24 -521 283 -93 8 -828 -499 286 611 448 956 140 579 75 359 808 -370 -639 -161 284 -742 880 -323 -1 -16 -141 960 594 -328 -607 -863 336 -716 -392 -895 -490 198 722 -874 916 684 462 -257 -687 35 181 860 432 -728 514 710 381 -913 519 601 582 -57 979 -85 576 965 -949 -586 68 -771 -273 195 -277 97 -73 -454 699 870 777 -968 -656 -718 -145 905 -239 813 -265 107 -996 98 82 618 354 -979 964 -86 -449
722 -738 438 -548 295 -70 -493 -100 -503 -929 -577 -588 965 782 6 368 -45 179 637 -762 -625 -804 318 415 80 444 -134 -743 -433 234 659 101 917 193 -801 -258 -948 796 -583 86 -727 57 -850 157 -902 -154 -79 -210 -194 445 -714 -842 -269 -646 98 -802 -630 -780 685 668 112 593 -413 -994 -839 -234 -87 252 14 -926 728 760 368 314 599 -728 -111 803 295 -132 682 732 722 249 74 -538 -73 482 -319 535 -370 158 -383 -943 858 -748 -752 -685 203 467
-333 44 34 651 662 25 -960 582 476 211 -600 213 360 -819 477 719 -691 893 697 417 280 -804 -341 443 129 660 -383 30 37 888 -37 -194 689 627 -474 -638 -655 334 -283 -506 141 -460 -836 649 -943 867 774 151 680 -831 202 -219 -776 -156 -580 344 617 892 -230 -804 -777 638 -572 485 665 -640 619 763 -354 -25 80 -893 490 86 -838 -269 -781 -538 -955 -272 324 954 -463 550 -584 -142 -663 -861 -291 5 429 928 198 894 -682 -296 473 -211 -916 -964
-449 -258 -262 465 211 526 -712 448 -655 -752 -931 -148 663 -177 -425 -55 -994 -966 856 450 -117 -592 -62 326 495 -488 -803 -794 985 631 503 148 -840 -152 -764 827 -995 -821 721 -461 59 286 370 -194 -733 -327 521 912 -801 787 185 398 838 -863 309 -679 -462 -939 859 301 -964 538 -91 947 -329 868 461 430 -800 -1000 406 -367 -877 -349 -445 141 -587 791 578 -204 -895 39 95 36 45 -284 661 -959 672 811 437 -405 -146 135 -484 -854 -849 457 -548 956
-248 -324 -853 239 213 8 -59 69 -214 333 576 -444 -664 275 -899 877 -623 -557 -106 395 -219 333 -703 -874 245 736 802 -791 68 508 -701 664 -927 305 -894 173 679 -269 924 -133 408 382 803 -645 -368 386 736 -758 49 -562 121 120 -287 -33 -496 279 373 793 -313 -710 -566 -904 -93 -420 14 886 320 -547 -832 178 650 -918 573 -329 -419 -94 750 358 -45 3 -416 -869 749 -504 -6 -430 -347 -249 209 513 -719 -937 482 -815 -451 -427 32 -159 -452 -139
-48 879 -764 -416 -567 399 -179 -51 -823 -630 -913 687 155 -990 766 491 -571 850 -148 -784 579 553 -812 -85 149 -693 -121 -98 -740 549 569 -681 -919 -598 -793 700 243 28 -142 -864 -432 -685 795 244 986 925 522 -510 -258 -469 -54 326 438 559 -708 882 883 694 -890 590 -295 -617 -210 685 785 11 160 115 -580 -665 185 323 32 750 3 565 -146 669 283 145 -549 -491 -581 709 992 -986 382 406 -536 -517 -353 579 -175 707 790 374 -564 -579 -598 652
771 693 -615 538 295 592 -660 13 -641 -303 -933 -91 107 868 798 744 -629 173 -346 -457 -644 -686 -814 -421 -95 382 -999 941 -568 253 -874 769 -896 -103 -794 821 205 -76 -247 180 -109 652 -593 -598 -297 815 448 -827 918 22 744 -753 -211 194 557 427 -923 946 854 -692 -331 -363 26 143 319 -897 306 -189 393 156 -801 635 -793 493 665 -419 -752 -513 -319 -827 -55 -974 218 -277 743 -587 473 331 -50 279 -4 840 325 54 -420 -641 384 -528 -382 92
123 78 954 -930 208 728 -690 308 113 759 -392 -991 974 195 -975 -922 701 -861 -427 -283 564 -142 -433 -125 -996 -511 783 363 -513 619 433 -746 607 -40 10 -722 184 -930 -663 113 -402 -896 -819 -432 -391 -776 -180 -81 801 -360 106 -327 484 209 718 -753 -797 -835 -969 901 -236 -818 -103 584 -235 -332 -39 -244 -987 -957 680 -674 289 -824 462 1 487 -733 -718 814 -593 -467 -692 577 944 323 705 726 493 581 -210 -633 931 243 -588 423 -613 948 500 -210
295 -778 64 -672 608 -949 -683 204 -866 270 353 -913 -521 -924 681 -635 970 885 -310 -985 -852 163 -742 84 -780 -971 -891 387 -583 579 -812 -667 -521 679 530 485 867 -698 -658 -614 500 492 -580 896 -438 114 -76 -840 -37 -525 -971 -151 940 196 167 281 -415 -900 375 670 44 442 341 -6 -50 -457 -948 479 933 -612 295 -159 -847 176 -734 -513 868 -642 388 702 702 -557 873 -160 612 -363 -615 -541 -804 -352 -651 -370 392 627 -931 364 14 39 -117 383
-348 -393 125 252 -24 -292 689 -15 -885 58 973 -273 -675 -154 -772 -908 271 -214 -293 -973 -52 -436 279 -710 -426 254 -330 -788 11 -692 701 77 -68 -431 -740 105 309 -41 -718 -653 288 -269 96 366 -663 -310 163 938 15 111 -866 -886 401 175 642 -333 85 757 -122 -873 396 -312 -178 211 285 951 471 -689 -10 76 -626 160 225 871 -725 724 378 -821 -56 -907 -736 941 21 511 -95 568 291 560 383 349 503 66 998 -320 117 961 -174 551 -870 187
220 739 709 -759 369 -383 342 267 -711 -730 -54 250 -726 -971 261 -379 -809 -795 -899 296 -584 302 690 -396 -498 -485 -602 -104 52 80 -332 730 257 -530 -993 989 -941 -304 187 117 -835 -471 227 -562 -511 302 -183 -837 -277 337 870 501 549 257 -602 -522 574 -289 -863 -911 -332 -186 248 -527 952 188 153 -166 -769 181 132 397 -219 564 465 108 340 754 -250 -365 638 -382 123 881 -504 322 -929 -22 220 -743 -193 350 952 -350 482 -495 -725 -836 -398 237
-943 900 69 21 216 -209 686 -200 541 1000 301 702 496 -983 6 -676 206 859 643 912 565 -437 -33 143 795 169 -475 400 -367 -507 -127 -207 575 -781 949 109 -789 -78 883 549 -469 378 -368 -35 -558 -720 -914 -524 347 -780 828 677 554 -302 -832 -649 805 78 -634 -602 -921 453 -233 833 -816 -562 73 -136 944 462 65 -611 -64 -767 396 848 9 648 -7 -733 95 -403 80 -808 799 114 -108 295 -961 -706 -422 -861 167 -966 872 -112 -254 -212 59 129
-871 -995 170 -581 334 -258 137 587 453 -529 893 310 815 770 -857 -442 -144 196 -933 486 -961 -336 226 -705 810 -774 396 186 391 -606 176 -548 973 -315 796 593 -228 -38 -802 569 333 -358 932 809 -780 -974 -117 951 -598 99 49 -707 964 425 616 -656 -128 -678 996 -38 -304 177 -869 183 -933 -248 -137 -107 910 -392 612 658 -209 405 968 275 -473 930 337 992 -172 680 498 9 214 620 924 1 -475 667 956 -391 -440 692 -581 -575 -924 -575 -562 -52
381 980 -808 381 -634 -233 -3 809 -303 -120 -253 995 772 -730 280 233 -934 617 838 643 -688 479 806 -599 -568 464 -819 -958 522 -647 845 880 -408 820 -791 622 689 -626 56 70 -719 -459 -660 -178 91 -67 -224 685 246 -463 -995 424 -238 690 -504 -39 280 680 -759 -683 -524 168 -683 4 689 119 -104 -86 -975 -4 -970 653 -322 -288 135 -406 550 240 743 293 -898 826 -383 -564 685 586 123 -422 77 -394 328 -838 -59 134 -156 775 -49 998 261 -265
853 -644 -18 -626 907 -77 -767 -233 428 342 660 451 692 -717 530 -435 301 241 -987 278 -978 -666 -319 235 -818 972 -757 17 -733 -138 -629 446 -283 587 -864 -288 -699 44 -985 537 -181 701 103 590 -644 57 -994 -619 -848 87 58 22 -201 -570 445 482 -445 576 455 343 -176 -92 808 -34 477 -335 567 -471 -327 261 723 229 427 971 -204 351 893 325 791 977 -373 -106 386 946 555 -452 -112 619 718 -697 -425 622 163 681 -534 911 427 592 256 -460
-863 -842 -908 948 -157 868 -635 -854 -403 627 876 150 0 271 -910 462 353 -75 236 -205 389 -255 -129 171 743 -639 -791 643 -520 -747 258 -544 92 -741 -736 798 517 -407 191 731 -561 -120 765 -362 -763 -33 357 730 -231 286 -543 530 -666 621 60 568 923 799 530 -242 909 986 -488 978 561 205 -825 -380 538 412 115 -449 -363 789 -498 570 6 821 -544 248 579 597 -421 644 776 141 -26 373 -363 599 -111 432 253 -374 -650 -695 339 379 782 821
-957 380 815 247 745 169 -240 -50 -546 -579 270 -139 894 744 -877 918 -998 168 -13 718 -864 98 -907 -1 606 -562 390 407 37 -580 -424 993 -915 -907 -145 -301 567 -906 81 354 -703 253 483 874 -642 61 212 -75 338 273 -177 -694 825 941 -656 28 961 -191 -113 -379 926 -705 881 676 330 -481 -58 -302 -735 -141 525 -56 515 -851 596 -971 818 -64 -212 209 722 417 108 811 149 73 -305 837 288 -445 714 -916 422 -692 986 -125 -699 -307 953 166
