100
260 -240 592 -656 685 -424 -818 -864 12 649 -48 304 136 -812 -644 -702 -780 545 -669 405 -61 -922 -142 -922 868 542 -922 881 -879 993 -971 -326 680 37 -925 -62 106 -499 -520 -373 -558 -689 23 429 -363 -491 -204 803 -166 901 406 359 226 234 259 -807 64 -906 -19 226 -545 145 520 -23 442 785 -278 895 104 651 585 -407 648 -749 -247 -415 -504 203 245 -656 -738 -63 201 -732 26 -679 889 -54 556 -13 780 288 512 -380 -853 565 -249 987 -392 -948
568 564 -306 -724 17 -583 761 -710 559 143 -686 -520 863 788 -860 -664 -832 -511 -365 -990 -156 -99 794 947 -438 -349 40 -149 656 -575 -107 714 941 170 -561 -597 -258 -636 -203 -514 -313 -594 537 -580 878 -978 968 495 -280 -148 -141 941 236 -457 761 -334 -713 -296 502 101 817 -983 692 -735 -503 -113 333 11 265 -583 -857 46 -356 906 -507 517 -122 -35 684 381 -732 -172 -810 733 953 802 838 398 457 604 749 644 556 431 503 -93 525 394 -190 686
129 877 -735 246 -506 853 -266 731 -316 547 822 633 -716 548 -477 -637 -399 340 180 201 -824 96 296 805 247 -353 765 245 977 -929 -720 615 116 -959 -972 -139 173 798 -229 523 -410 -653 635 802 -827 119 930 -499 -244 230 -636 -887 -689 232 174 63 -459 240 -726 -373 566 505 -627 456 -943 -631 855 107 -845 60 116 652 746 -301 -553 -216 939 49 164 693 -676 -628 120 -775 578 922 569 623 623 983 -45 -559 -26 -28 -150 69 13 242 487 -321
385 599 56 -948 -685 295 -881 613 766 -582 777 184 701 870 -63 -502 -852 435 614 509 -244 -524 443 -368 420 -11 50 126 114 -539 29 -834 294 660 960 -158 62 448 78 123 -313 -954 -651 -449 -577 891 755 149 903 -244 629 -120 -620 676 -783 -368 759 100 -780 -797 163 -667 -204 -107 39 149 -747 417 -866 270 -514 47 194 -487 97 949 -301 -428 -130 81 147 665 249 460 267 -792 -745 664 404 125 -689 439 386 -21 662 904 -917 -888 911 558
-7 745 67 -402 111 -806 -2 -138 410 -977 112 691 -351 -233 589 766 -640 -682 -963 -379 -184 -704 -720 -454 657 603 -89 616 -965 82 -847 -353 77 677 745 830 -22 -184 -10 617 -402 663 495 -17 759 550 -120 -239 345 -933 568 -142 -309 -479 -508 98 893 897 203 -312 547 -583 935 -670 -445 489 212 -159 174 430 -248 194 205 995 -509 -221 949 -731 953 -427 958 152 470 555 295 -100 -207 -598 -761 -886 445 -264 96 -79 975 -982 -710 574 -516 -598
934 619 730 -712 -425 579 453 -294 -188 -697 134 -72 334 453 -307 776 209 257 324 -320 265 124 -610 72 -293 -20 122 -798 -728 484 425 -42 379 -368 386 -738 842 764 994 -821 -26 1 -670 619 -364 -151 798 135 -103 -764 -655 409 -266 -276 570 -90 -674 -853 709 563 -696 -185 51 70 -134 638 201 750 -340 -542 -982 341 451 569 691 72 -906 794 -865 -753 -962 -618 -982 -645 609 509 -995 510 163 743 604 689 549 -975 564 -522 208 -803 -273 -743
-439 -856 290 966 -867 549 738 253 739 20 656 -463 -102 -563 220 992 -247 943 181 -307 -257 -483 865 279 -763 159 906 949 -848 -68 -527 372 -298 -489 344 979 879 896 -896 629 496 391 378 325 -998 -592 -464 334 276 961 -994 671 26 -751 -185 233 769 -627 -819 -421 782 -962 -310 -817 781 -599 233 -839 964 71 -205 -433 369 259 371 83 185 -392 -49 499 -739 -668 561 984 432 729 -385 -958 -747 -824 -807 892 -494 209 -578 -926 -795 -220 74 261
-52 996 -734 -561 -233 280 -82 42 -841 469 944 53 -80 -922 76 741 -970 -773 -771 -707 843 715 930 -5 -445 -973 -829 -530 908 836 -637 -699 -437 414 -454 48 -224 811 -380 -140 -810 -145 -253 676 -197 -403 232 -168 272 -103 -878 -905 958 -397 -256 952 383 -65 918 -390 380 -297 247 -715 -967 -116 -41 -164 271 -930 -12 -296 -314 -456 139 -574 196 221 996 -677 -2 -411 -194 -313 -108 -946 231 -693 -967 -380 661 942 -943 -824 -471 -443 891 975 -521 -389
-804 690 -469 113 -876 -844 -397 244 -782 846 857 342 836 -338 -904 562 985 370 -904 -571 135 -300 -944 -442 -47 -134 -158 893 -496 -835 724 84 -34 249 -310 248 -832 110 -684 -678 -430 -784 -758 263 -420 -181 356 -602 -122 -320 722 -78 -374 884 859 310 -518 -189 -475 -614 752 747 297 -922 475 4 499 981 44 225 -739 573 -537 722 -919 -484 504 861 -53 -367 -133 60 -407 522 693 -239 886 -928 355 -91 484 686 21 -457 -334 -604 566 -402 503 -377
-589 54 397 611 -980 941 107 14 78 -715 668 380 -114 40 562 829 240 -167 -429 -179 -264 -760 765 29 366 -610 348 232 670 784 -119 -900 -414 -105 -324 842 65 963 65 298 316 144 -186 -235 807 250 -577 -820 415 -35 15 482 4 -597 715 863 -990 323 -557 951 -445 -918 -280 879 -122 -176 418 32 393 -718 439 598 -437 -447 745 38 478 95 -592 -837 -506 -74 -255 53 232 -583 -746 -824 722 -385 -313 565 -110 263 -93 433 -212 653 705 237
439 253 490 748 -882 -620 -242 831 -206 -845 -821 882 133 328 148 126 -556 -505 333 529 -865 49 -198 -134 -215 -687 -482 -147 869 703 -985 -119 -892 714 738 801 342 788 279 722 708 111 -778 313 850 128 970 356 -35 105 -245 -513 265 -788 847 462 -903 -642 -781 124 -811 597 475 -16 936 -766 340 825 884 238 533 486 308 664 -917 -820 446 -573 -176 -111 978 -62 -349 -825 -843 -865 748 594 -567 728 271 1000 -983 82 -861 -649 993 -382 835 222
-601 706 874 -269 105 915 -641 54 -362 -522 -771 114 286 -140 957 183 -158 647 -936 481 308 -258 -400 685 208 -332 303 -762 259 832 212 -292 -432 518 920 -352 -419 469 -961 995 897 -747 -1000 209 -138 -998 962 -451 774 457 -578 -271 528 457 -434 -226 156 861 574 63 406 57 884 -370 706 831 -714 533 616 -739 -224 -887 -572 -537 819 -754 847 -129 509 -160 -474 903 931 568 412 960 -956 885 689 -795 81 -522 792 -771 392 -682 217 880 378 -463
202 -705 -601 603 753 -236 -895 -796 52 431 -201 791 632 -586 41 -898 -917 501 868 -353 -848 -912 106 265 -126 70 13 267 -678 -444 723 655 251 411 -86 -380 791 283 -247 861 -557 273 448 -293 655 566 397 410 931 243 -657 743 6 829 -228 -454 236 794 -92 177 643 860 532 137 920 219 568 908 -851 879 369 326 230 582 -855 -972 -20 -440 -806 47 -780 986 -449 -123 -939 -163 344 -619 339 234 -278 14 -413 -262 -62 315 754 -165 725 570
968 250 608 -841 -932 315 -64 -947 -739 -704 143 -687 154 -760 -264 799 424 -844 491 11 -289 995 352 844 289 -187 -213 838 -257 430 -178 641 -712 -704 -831 -156 -8 -355 29 -110 -294 817 36 397 -144 852 642 -659 285 -523 824 -338 702 -878 -81 -568 451 908 605 -488 -217 337 -241 -266 94 -562 931 -193 -504 664 -126 601 891 168 278 -994 167 -338 726 -946 -357 -254 62 637 -152 -292 -508 -415 217 820 -5 489 -839 678 300 -29 566 519 -288 -607
525 -335 70 -754 116 -909 800 205 70 989 -844 -703 -688 179 368 -508 793 903 787 -425 -952 941 -290 -255 -116 323 -371 -409 -456 -268 499 -977 783 645 -713 -7 714 638 139 -359 -204 403 134 13 -545 293 142 492 100 -121 628 -381 230 -482 -146 -625 -675 531 90 -474 396 -682 164 -470 -828 -498 -980 848 -569 887 918 757 -92 419 432 674 310 392 7 556 -785 554 711 -860 667 76 -818 335 -678 -785 -653 -510 71 374 169 243 -977 -687 817 -228
21 -600 483 -41 303 406 98 753 -915 -716 -609 -8 -537 998 -822 549 244 405 336 777 -498 -381 -826 -532 -538 -25 -746 -353 419 818 481 -967 -676 -755 -7 -877 -448 87 -196 -645 -200 47 -182 526 726 994 131 781 -523 724 -479 -431 -826 843 -787 369 30 243 33 149 159 -752 683 -316 -275 -216 575 -839 458 128 860 -577 -146 111 -256 -798 653 203 -270 749 -403 368 378 -763 -833 -399 834 958 -49 -702 187 422 -557 -774 -52 -934 -666 -715 -153 707
-112 -464 -243 925 -72 -172 868 -521 820 -745 515 -385 -640 212 962 346 172 563 -151 -874 -886 -685 785 417 999 217 -301 -909 628 168 -736 660 803 -480 186 879 -750 -35 -834 105 668 -44 835 86 -966 -769 -371 -130 -599 -49 256 -817 23 -152 -855 -424 63 -317 711 -836 -976 927 99 -65 714 461 -766 -133 183 -757 -761 733 -280 -656 -541 92 -879 397 -648 -488 561 -757 444 869 857 952 -464 -343 539 -177 737 42 -669 -136 -652 557 831 -946 841 -955
-101 -810 109 -536 869 469 -1000 -866 347 -93 -204 -166 -292 -136 581 874 454 109 172 -723 -528 -42 -213 -58 353 225 498 988 -242 307 -684 -13 -25 -957 -920 699 35 733 577 -35 -943 463 18 -955 -408 -272 574 -200 966 -67 227 -719 940 713 -600 -620 488 558 -925 -123 517 509 987 537 675 -135 97 -266 -493 396 -689 955 488 -592 -263 -403 -389 62 -216 197 423 927 729 607 869 911 -407 228 -909 702 636 -180 53 686 -645 -687 -160 83 604 -460
-923 -920 -373 77 47 330 317 -271 -291 463 -541 700 443 45 74 700 -421 261 -219 -809 386 -990 732 473 120 -416 -256 -432 -155 939 225 556 -149 -691 302 958 -303 -875 -761 694 -232 660 791 35 -678 830 325 -922 -932 377 453 -70 109 443 -706 -461 -226 -155 184 46 -685 641 -435 137 -360 -627 -362 877 -527 786 -612 260 -630 -131 -708 -973 -626 -932 -376 -701 138 10 230 -988 378 -542 -632 58 -450 -844 -890 -661 985 255 932 -651 25 820 675 471
-391 699 758 887 -739 -123 -103 -266 -336 665 924 -45 -105 -464 -248 -741 328 603 852 -535 -663 -358 -28 -52 -508 -56 326 156 -523 665 154 46 130 317 -578 525 900 -388 759 379 47 -77 80 -541 -199 -60 -393 -548 808 -256 307 -866 472 -735 325 -338 590 -824 539 511 844 766 127 -295 -517 -288 -142 382 192 -580 -553 -610 -75 -657 -588 -302 280 -263 -427 -258 -348 -951 568 -329 608 100 -555 55 -353 706 660 -458 -365 269 -606 -932 160 -42 590 64
-554 585 122 72 -292 -732 751 582 464 -711 893 578 -881 -547 907 693 -300 -787 697 396 -482 745 950 966 7 -531 751 -242 -297 428 332 -684 -215 -71 -199 579 545 -990 942 728 -734 764 -938 152 80 884 631 120 516 -191 -249 -322 176 111 -34 -571 300 -476 845 966 -598 990 464 -545 -725 -628 -572 626 288 645 -108 712 647 -789 500 385 -348 113 118 -709 351 493 -904 364 -807 -925 674 107 101 -382 -950 -4 -919 -982 472 767 -296 -464 -679 -145
-354 -694 -168 218 -3 763 -26 -958 993 652 -195 506 -980 448 891 161 -539 -849 874 899 198 288 430 -888 -66 2 -427 -315 785 794 -670 226 -751 -86 473 -276 928 682 -894 665 588 -639 77 -275 806 960 -314 -383 483 187 -661 487 -314 -442 194 -246 449 605 -465 761 -405 -866 465 -326 -248 -674 -830 431 236 -274 -197 -759 60 915 845 -889 926 -400 919 21 -999 565 -410 201 976 -297 771 -441 20 147 -965 383 -144 -618 -768 -287 -809 -484 353 287
353 -905 -405 668 921 -19 -411 -174 61 -614 914 477 -768 165 678 -40 7 755 678 451 898 -269 824 -135 -431 -271 391 -789 679 564 48 544 -417 579 -271 -152 462 505 -107 243 679 -842 -889 -535 533 45 -183 -542 -638 -506 -478 533 208 -277 -36 -304 913 220 979 657 -648 781 -217 545 621 649 -739 -49 29 -39 -285 311 -79 -221 218 815 156 -670 264 103 927 -98 -613 -355 -40 -828 -597 168 -982 -517 14 -561 721 -903 916 636 -293 501 890 462
900 -953 -787 12 698 -409 -326 -303 -987 -102 309 180 566 807 179 487 825 48 837 32 831 -980 -549 575 -876 485 268 584 -112 4 -193 -517 172 -761 -564 467 115 31 201 253 3 -570 -929 979 -71 872 -143 -426 -840 183 -279 22 -796 805 -442 324 -452 86 303 -998 -47 -432 -451 938 886 684 -232 -119 -503 -472 -845 120 175 -928 780 -441 664 250 753 483 739 320 586 498 -30 380 -782 -999 14 738 -947 190 348 -7 945 -233 -231 963 496 -612
374 304 16 -362 -267 -148 661 203 426 -1 -203 823 186 -38 274 831 248 -16 -563 804 -196 -209 -846 894 468 -211 -609 -445 -405 -211 861 68 560 578 957 840 -219 -633 -255 94 962 -555 548 -662 -197 -925 700 160 663 230 -889 496 -250 177 -390 -256 574 -909 -896 315 -821 368 416 374 -245 -21 -561 917 718 -852 951 869 -642 -37 523 -149 -110 -204 -377 294 -565 687 -84 339 -861 -255 942 943 -241 345 -457 172 -866 109 -43 67 -339 -20 268 512
457 570 201 551 708 -777 -624 996 518 258 -183 -774 -911 -8 656 -673 -731 443 -645 598 127 -209 304 950 -806 874 -610 110 748 -416 658 -928 893 755 633 -517 -679 -736 655 616 266 371 -2 503 -989 -356 -237 -870 -611 -346 962 -54 295 -47 -786 690 409 -413 335 -797 -355 -902 109 266 -713 489 -171 950 -840 -46 -500 582 -278 893 -693 206 -500 99 295 654 -174 113 -572 317 -894 -623 -320 -662 -337 72 789 703 359 260 741 790 687 -335 120 326
353 316 303 361 -295 557 391 -428 -525 68 728 -740 -602 335 120 331 -273 841 -365 -438 947 -872 -392 123 -260 413 -508 -301 363 -453 350 651 564 254 -45 1 983 -211 197 -581 256 66 817 756 -22 -834 -199 -638 693 738 434 506 755 597 -158 -520 -447 884 214 -368 -186 512 997 956 601 -575 -770 639 144 696 48 469 843 694 849 727 430 -748 -387 625 441 737 415 -842 -349 -926 -638 -498 -900 -646 86 -695 -749 -394 -587 837 702 -876 519 62
-377 485 -983 -547 1 -458 825 271 -340 84 28 -267 -874 -313 -654 942 -53 -15 560 703 -21 735 -75 851 532 -539 -749 -218 724 -377 -371 -86 -502 18 200 318 875 894 454 -998 189 -525 298 -537 -67 -215 127 -692 -572 -289 928 408 517 930 -105 124 972 432 -429 -564 -789 621 637 -840 196 968 -620 986 329 -282 605 -295 -998 173 199 745 917 -286 -663 988 401 67 138 196 371 -187 791 -931 867 -832 343 250 702 -53 80 -293 933 216 559 486
-124 -472 692 711 1 900 -452 452 789 336 -225 456 244 437 -122 987 381 25 -187 -151 880 661 -63 -636 -308 886 915 489 -796 171 -821 973 -770 609 410 267 548 52 -27 -903 92 -958 -351 -211 -468 -846 14 -498 -904 -663 852 833 -713 -706 -900 -509 -740 468 967 -991 -721 87 -990 -364 -24 -297 360 810 -726 -987 959 783 -950 987 -94 -266 -787 200 355 98 787 505 -614 200 60 -174 -801 429 623 -641 352 -623 -132 -279 -189 447 215 -183 111 -377
-973 737 219 909 757 892 640 651 213 78 -854 -99 -852 852 487 -599 483 163 717 387 572 -709 -445 10 658 504 -779 -465 975 648 38 906 -818 252 -865 -31 -390 982 -544 693 -69 -823 -39 -729 337 -192 898 11 -857 -355 -811 55 -704 773 -518 -825 821 -140 -878 506 -43 662 875 -637 827 -24 -737 -531 -676 147 -692 289 750 983 -885 67 -924 -840 547 498 -640 -169 -782 -498 261 -175 96 -874 285 -409 -107 773 9 -402 853 -550 780 56 -864 -28
-107 178 104 -635 723 814 -422 -182 -305 323 -687 -378 -683 818 396 502 274 818 742 -892 -138 -586 -285 896 634 355 -791 769 -920 -568 458 669 -434 354 918 -434 -8 -951 778 -391 827 241 400 -796 -505 -663 -417 -207 -331 -758 860 810 451 584 -511 142 -974 -505 369 177 338 385 569 -122 923 -251 -672 985 -968 -946 579 391 -795 -176 938 -782 733 354 123 17 -852 475 -685 -233 92 618 -227 -495 -63 235 302 -994 -895 -224 -115 -940 -53 -656 -641 844
730 -46 -67 211 -614 -477 -496 -357 834 586 92 -909 -267 -485 18 348 105 -729 93 -680 -555 -135 589 876 -396 678 780 996 233 290 980 863 472 726 -513 -985 649 -758 -212 -237 288 67 -90 131 952 18 930 -718 938 804 -603 -519 -513 -379 132 -929 -823 -631 -266 -992 204 -135 827 825 -953 930 -301 959 380 2 -246 848 451 -667 962 -733 -965 -152 -276 827 98 722 -906 -494 779 870 952 628 -385 254 -207 -157 -445 331 -710 -209 -332 81 -863 209
462 -602 320 475 -18 160 156 657 428 -581 504 82 623 -947 643 -753 -65 95 -126 -607 34 -216 690 -207 258 -836 -96 -526 -186 -584 -655 108 299 -717 463 -852 215 -60 -420 840 -106 -206 564 189 -384 -286 218 -267 -365 -710 470 -119 -133 581 270 49 -172 894 -374 -156 913 -732 -450 -790 -11 -730 -778 33 7 1 -604 929 -252 -29 -580 670 -600 -752 -576 102 308 655 451 124 -105 744 368 142 549 463 578 20 997 -471 664 4 -83 198 83 351
251 9 -332 -833 432 -794 68 599 266 859 -858 -672 -207 -133 491 132 -323 -630 -601 42 -230 -214 -23 -357 171 -7 -677 -567 607 367 170 -944 850 -977 507 783 -574 -412 218 -174 -284 389 -424 -895 -312 -672 251 635 -238 -631 -206 -530 -167 -269 -917 5 -861 -869 752 -608 159 -642 674 -620 271 -940 127 -431 -350 -585 -503 -753 -200 -337 -656 372 -844 -150 -561 -566 -290 -781 921 -668 274 -502 482 665 -269 286 -107 -566 -573 444 286 8 695 -566 402 529
-216 -39 768 -673 -891 282 -67 -760 316 -465 891 -566 -805 -26 -802 -855 -242 282 409 464 -614 257 296 764 73 -878 -935 78 569 -1 124 969 39 -504 680 895 506 -545 -867 876 815 500 -733 -149 141 -949 420 -993 -473 296 -106 -469 -490 981 410 206 453 239 786 619 941 -207 897 -140 639 771 -702 -245 274 -557 259 -208 392 -859 167 526 846 -387 -117 -921 -243 567 -218 -532 80 871 -844 -748 680 -51 -461 -367 9 207 11 -177 -998 577 337 -252
-852 239 -831 396 -703 608 -790 832 -942 -256 595 -998 -923 294 535 -77 208 588 -967 -567 469 918 -801 -852 -147 168 613 -493 806 -807 722 -592 -734 -88 -392 733 -740 -150 -386 847 529 749 -320 582 -940 542 -167 976 906 -313 -40 531 -308 -257 -841 -429 301 -629 -76 -427 116 303 492 392 792 -119 -916 937 550 -673 -101 52 672 205 -128 426 -874 -752 959 197 -428 920 -581 -744 -137 -625 508 -681 633 170 -425 795 122 127 103 -343 703 -539 -277 -26
-271 -879 91 -742 -369 457 756 811 -621 708 -1000 168 139 -843 -720 -791 -869 -870 -713 348 341 941 -779 -265 -464 -902 -694 -492 449 -347 -547 397 438 182 -103 -502 87 -804 999 16 743 -977 515 270 252 665 89 -963 -767 598 -127 943 -209 -482 -937 602 168 22 -219 -780 -958 -393 870 -653 155 -728 562 815 -943 221 564 784 -68 240 152 -943 -327 -361 985 919 -907 -771 9 -210 926 -270 -452 -925 152 -654 608 -906 -510 -877 460 437 -934 -607 -871 829
-55 -378 -596 6 -338 -843 -506 -448 -733 -781 -456 -21 -417 28 -373 -767 -400 669 319 -869 491 -193 987 447 -631 853 805 202 -363 -472 -736 -753 -842 -918 -966 687 -983 879 377 398 391 704 -973 308 843 20 764 152 312 -505 -953 20 939 -961 800 -310 -392 -274 316 642 -937 -337 708 803 -114 944 911 70 -178 -369 979 749 -439 414 835 -799 -865 -468 -146 -912 -100 -504 973 -523 -829 571 -449 -541 959 421 -242 117 618 -448 268 -441 167 -551 -772 -118
-178 -644 498 810 354 916 599 -343 -177 589 143 523 -594 2 667 -801 -84 -841 -893 -292 -722 -946 -326 691 976 968 -665 934 966 540 906 66 406 -967 -169 600 -138 -644 -948 -651 619 162 63 656 -749 905 -783 -738 -39 -610 583 -164 399 -275 671 450 407 852 280 407 -29 -934 983 -162 -667 504 -590 186 754 -294 989 626 470 391 344 -641 309 568 -170 732 768 865 -170 -152 -121 441 758 -551 -221 514 932 134 -382 895 378 -927 -724 -908 224 343
-801 -81 613 779 -876 -499 742 872 -929 -605 -495 969 -104 980 -900 297 -424 972 268 809 -847 372 514 644 479 227 -225 64 -96 -754 -151 306 328 161 857 -66 937 3 886 992 -966 -217 506 797 266 871 520 892 876 174 -356 -822 709 557 651 -618 -662 -725 -446 279 -992 -563 102 -396 889 -899 717 20 -826 -237 769 -495 -178 -832 256 -983 -27 -830 487 104 328 774 263 208 940 -863 -550 540 659 -605 391 731 -786 -339 -905 20 -586 -897 769 -340
-487 -699 -996 88 591 681 -300 -394 1000 603 -488 -77 -214 759 -505 -407 -142 975 46 615 853 922 -892 -327 -411 470 368 682 -458 -620 -521 718 475 -736 -959 329 200 613 524 -201 -457 276 -242 64 964 324 76 -620 701 -230 -764 -805 -487 120 536 700 153 -808 -549 557 752 231 -908 -184 248 -646 925 925 -512 -898 731 81 541 25 -728 910 -582 -391 -673 831 -550 -225 815 979 331 304 505 -46 -945 -169 872 -985 250 774 433 327 669 -978 -35 -508
-87 18 720 543 510 -846 421 353 428 -469 -432 570 548 -946 -383 775 -192 465 -336 439 754 165 -601 697 -49 1 -178 -634 -403 29 -804 324 -151 -800 -891 207 312 367 956 952 598 993 -393 854 -493 -840 81 -29 229 -145 880 170 458 -423 -363 17 899 53 984 639 997 585 561 -23 677 67 100 -935 -644 -436 -447 313 119 790 -337 985 692 -502 625 770 285 -214 -470 -448 -629 -912 -866 352 -628 -837 -808 798 -111 56 158 -486 -195 656 986 -840
843 -661 -556 559 482 492 342 447 405 27 357 -34 744 -578 725 -312 -621 229 -95 389 620 -408 824 -139 -189 322 -814 370 97 808 -702 359 79 447 -762 51 -889 651 497 0 394 -765 457 -431 -475 -321 -879 -286 374 -65 -23 -767 -350 -241 869 955 -348 -143 955 -983 -856 -400 93 433 -310 -914 426 -356 -531 684 -338 -33 -675 -351 145 -801 755 271 -538 -299 915 -364 -768 -944 186 361 -450 -491 348 627 544 -791 -472 -369 139 148 897 280 460 846
480 337 -367 -311 265 -10 -735 -735 -858 578 5 497 254 113 759 112 490 5 65 -42 -788 -457 677 675 6 -738 141 -646 488 -889 102 -359 138 -643 149 430 724 -651 576 -198 -464 -235 -692 -769 -816 248 694 75 899 -134 -635 941 606 1000 133 315 49 -860 -564 431 383 540 -323 -441 -816 306 970 211 -324 -903 256 67 -600 401 563 207 -398 651 -21 -482 469 128 898 -873 342 -150 -922 -162 -862 837 -786 -566 -109 209 -108 -521 534 909 35 -448
-34 384 -944 -496 -215 -507 300 880 931 -519 196 983 18 697 -999 -827 100 98 615 -800 630 -138 -191 602 -596 -632 427 -348 537 21 -522 -246 199 617 570 -581 -950 724 203 -228 -745 -86 -578 191 112 -576 234 30 993 -193 -256 675 57 -747 -787 4 832 309 828 913 -809 -346 -368 -250 -985 -722 -832 432 -723 887 -795 761 406 101 -561 554 149 -17 -481 -586 -424 -389 -500 -682 -918 -506 -788 -501 774 -793 -924 884 716 -179 167 339 518 817 -79 -437
-380 574 -660 -495 956 -22 0 857 -720 762 -756 229 856 -637 309 -880 -604 964 -450 650 -841 83 804 -499 -102 -867 -168 936 -884 526 -538 185 376 -965 -352 -62 -590 -579 443 75 728 814 -484 -194 -621 -500 -331 -653 359 555 -297 -461 654 234 339 -260 -213 -334 154 -47 -304 -567 -630 293 -121 115 460 310 545 399 731 -654 -468 -62 -196 -110 584 -863 857 52 -539 947 -897 -476 -641 175 202 -146 -924 -985 -108 126 427 139 -264 -607 288 18 795 -890
-379 -763 75 -249 -328 -939 -925 146 -870 -260 611 353 -326 -616 -476 -303 590 972 -491 718 748 31 647 -686 333 446 -960 909 -975 -41 -546 -668 380 -989 -974 720 -849 -312 56 -717 693 -258 57 702 -917 -613 -239 992 -653 -337 49 115 -729 -47 -252 -554 -455 260 459 -500 -712 -521 -604 -286 108 167 381 -910 909 519 -844 -708 30 870 -497 380 784 -546 -4 -256 483 -43 527 532 33 616 708 -602 559 -968 565 -287 -857 311 -170 611 828 747 -719 -641
-52 748 132 -293 -538 499 686 453 970 740 -889 -528 -218 -633 -53 -174 849 633 520 627 528 -127 -378 509 267 214 659 -205 823 -473 157 -462 372 112 -223 441 654 842 760 -425 577 -730 -133 441 914 -563 -735 -647 434 362 115 -256 433 -701 -79 289 -903 -558 -457 479 125 -17 363 936 729 922 -700 134 802 -355 608 703 -473 24 612 -122 718 -123 496 830 304 -929 -384 -784 960 -26 136 -473 -16 -139 -697 -894 -323 -521 -741 -927 -887 700 -668 898
-188 -902 712 -472 -787 -776 -646 636 -493 863 -653 -918 -802 -469 -633 508 -255 -182 457 296 385 5 153 421 637 506 -117 -894 337 61 295 -83 -725 -692 671 582 360 559 -390 -628 511 794 -464 923 454 -572 -299 627 568 719 -155 -219 687 -291 -608 -910 -413 50 630 -142 33 -608 -417 801 -839 189 -356 -443 497 -88 593 48 628 794 602 -309 -468 587 200 -188 377 707 -79 -784 826 955 -699 -686 -710 855 756 151 -785 -376 -799 892 -713 384 999 -253
451 -988 -709 127 350 513 768 864 475 -529 529 912 -299 -507 -613 43 912 598 -783 574 912 567 -382 -365 540 643 -363 -404 -782 533 12 -406 -729 -476 -918 -981 58 542 212 -652 -597 -448 -816 285 667 127 753 916 -403 11 -353 -43 -335 -107 -919 -374 215 -97 -765 939 -258 -410 192 -335 -166 96 -927 14 731 169 310 175 930 -824 605 416 906 562 115 521 271 242 -703 167 -366 -551 108 654 -658 -408 221 -818 804 -746 885 899 -414 -22 618 330
-618 -627 971 595 883 106 653 644 127 694 437 498 108 -12 789 -270 -7 -222 -841 -664 435 -14 -680 -698 471 94 -171 -386 988 959 814 142 602 -204 410 388 816 347 418 -750 -132 -641 186 6 468 948 -977 981 -682 -580 -319 -768 -884 -308 584 -586 452 -233 -547 860 -6 805 197 -786 -997 983 63 823 -11 901 65 -858 484 -210 -139 995 767 251 901 575 292 581 -686 863 -65 783 -275 -729 352 515 601 325 -507 -461 664 -412 -350 -847 225 131
-463 696 -310 484 -774 174 998 -333 660 -389 589 -468 796 526 -599 925 -482 726 106 747 55 908 -122 -623 -392 -970 409 -170 0 -290 -467 -774 -811 757 582 141 -284 -62 893 -404 621 -318 576 -283 888 894 -95 -351 944 254 484 -853 465 -492 457 140 -548 19 727 461 -962 -742 -203 944 752 -854 -383 -870 -629 373 178 -554 -683 429 -734 -964 588 902 -114 -167 -568 -324 923 105 32 359 -110 946 -448 838 -949 185 -105 -120 164 -895 186 40 -585 661
-129 -99 -277 55 -819 -972 524 969 279 -522 -671 114 -142 -479 992 479 -37 -208 -748 509 911 950 100 958 674 723 18 -524 198 -662 -958 -877 666 -271 658 -986 -588 139 497 275 70 203 911 580 -300 -172 -720 -587 99 -708 -46 -525 -242 749 -256 -651 -896 -991 306 -711 855 599 -570 692 848 -681 674 -130 -398 -459 873 886 -215 613 -942 -650 -848 -849 -784 -571 -539 -117 -157 949 945 350 17 288 231 -73 406 405 209 846 947 -831 710 -309 156 597
967 -303 270 -215 508 -96 -120 -988 168 860 -123 -414 -398 418 -15 -39 726 -548 215 839 472 -407 730 -353 -116 14 -419 -29 -920 360 285 -17 380 690 219 734 850 544 30 -2 183 901 -1000 96 -438 -436 -239 958 -474 627 -757 646 514 239 -302 737 -929 -122 -32 195 -291 434 915 -247 -723 47 672 -775 625 400 -919 -456 159 -22 -501 475 531 345 -282 -731 710 -460 -390 -960 478 585 885 -995 22 -513 733 -891 92 134 985 -209 466 -197 542 957
-649 248 448 669 529 -897 -999 -239 -967 -874 752 -64 553 -869 -768 318 792 113 629 -247 -897 -220 195 424 587 653 177 -956 -841 -188 20 538 957 800 577 881 322 265 -486 -635 -290 112 -522 -235 440 -176 357 -514 -824 -595 736 -275 706 469 813 988 31 -292 -209 531 -339 -182 -60 -582 -269 -668 -187 -592 -67 501 310 739 23 -985 -572 -727 -628 -161 621 -238 247 -181 -395 960 548 620 -411 242 -661 148 181 720 181 -271 -986 -481 -865 857 -394 320
-783 180 202 233 -501 985 822 -319 -743 980 -703 706 452 367 -509 -598 -778 -275 180 842 60 784 730 191 -77 778 -627 -440 -279 -248 -737 758 354 326 649 -904 239 -628 -436 356 731 -360 -695 -675 549 766 -646 762 867 681 -447 155 330 -847 333 488 207 -324 401 53 -776 -10 -79 -646 678 881 -7 -418 -880 -700 440 702 974 -183 -58 -995 -324 -496 -269 -995 -225 -151 -193 295 -257 -839 -113 -728 917 -618 554 561 -996 908 613 237 -176 -822 -407 -535
-828 -613 146 -253 -465 673 483 751 387 -674 230 -789 285 -577 108 -346 -309 283 -593 390 -58 128 176 -485 -479 387 -563 -299 837 -351 -561 448 60 264 746 520 219 754 -213 986 -73 148 703 141 -867 368 671 351 -300 -500 0 -793 -727 222 -103 -813 438 952 -382 -427 322 -227 83 564 320 996 336 -985 -147 -383 919 321 529 -511 889 665 977 815 -128 343 978 -212 -692 553 -916 -877 -660 249 147 364 786 935 -911 -35 996 -766 679 -672 -695 -596
-976 -509 321 -600 473 -824 -89 41 -822 829 -32 357 -234 909 575 -687 803 347 -73 -246 124 -451 803 -211 -381 403 156 650 337 602 -929 -89 888 203 -150 -81 -879 -464 889 305 -19 374 914 21 938 -748 -607 -875 -13 -885 758 473 923 -748 -26 -864 822 914 44 882 572 -48 -793 508 511 416 455 -624 652 -927 318 -435 -12 -29 290 833 -438 675 248 996 874 611 949 -937 423 -520 -175 237 -458 -73 467 -384 611 72 -858 -861 -548 -916 -683 420
640 -126 -719 -19 610 -604 97 -693 -53 -670 72 -39 404 739 542 -909 -503 618 998 -753 -748 -477 -995 -320 -674 -239 -275 444 -41 234 840 264 248 141 -64 -787 -87 -166 914 648 -923 -955 -414 -844 -708 811 809 954 701 445 -980 834 517 -122 -705 594 928 -883 -687 161 469 -427 544 994 242 547 -325 973 -251 686 -767 -61 826 -900 -756 -149 -24 -767 -36 -706 867 -280 -143 -527 -329 311 -638 323 544 410 864 -225 59 989 548 -556 269 363 782 -729
-292 -633 -780 63 -451 698 -704 671 220 633 -339 -132 854 421 3 24 -951 275 580 -462 -461 -911 398 -399 182 49 467 221 850 -728 -387 -201 -879 681 -859 -19 -289 -492 110 -802 -454 -882 290 436 -874 300 -722 893 679 -200 -253 -815 -711 -150 -93 736 -25 -406 958 -68 852 815 -868 417 -746 -892 -875 -484 -718 -705 873 -862 -464 132 -340 178 -575 -70 -166 485 -823 -798 794 -473 -46 -996 586 735 101 -919 -85 756 164 -987 957 926 -981 -838 333 445
-979 -871 -49 529 -260 68 210 -71 218 751 -906 -832 -968 367 -877 989 906 866 380 -43 -512 -464 -862 -648 293 159 -270 -935 251 -666 204 430 42 -826 198 470 -144 -113 -624 514 -619 571 715 -19 -999 -391 -237 -805 602 579 387 320 463 797 -20 -640 77 22 138 391 -555 -32 -516 812 657 228 -582 124 183 -618 -974 859 -887 712 185 920 -872 -376 -808 -643 599 740 463 945 -333 71 493 298 768 796 3 450 -259 -193 756 -899 -798 185 -125 -819
-747 -698 -647 -799 584 -120 524 -221 -64 -834 608 -883 -930 -427 916 919 414 -740 -283 -907 -790 738 -342 -974 -725 -941 -420 158 -176 -819 786 -836 -265 -208 963 659 804 -317 33 -798 843 -547 -557 -484 -665 661 -366 260 -246 31 -309 -64 -384 497 965 -719 928 -381 -990 543 328 -993 -102 -422 186 -708 45 351 942 -484 645 -975 -615 -871 446 -383 799 -402 -101 -20 955 -292 -89 -585 -557 -372 109 619 5 755 -993 -907 -598 -921 5 612 -936 -4 431 559
-531 938 -784 24 -152 -126 -802 785 -362 429 -87 364 362 1000 -522 82 103 -534 581 -421 -267 -826 605 231 878 160 -39 665 817 -376 92 -648 -758 -621 899 197 413 -572 -633 264 -536 -312 -910 820 281 724 728 -380 49 470 516 -171 490 275 -552 -872 676 99 927 630 437 302 205 -34 -880 182 936 26 846 -431 124 -870 -438 595 718 -178 -981 807 -445 -684 836 225 814 920 -104 -896 -749 -89 -816 -807 -254 272 896 650 -968 387 -434 116 450 449
532 920 325 -383 354 318 836 -850 340 -656 -179 -177 985 -289 424 -752 -205 -219 -465 -363 -666 280 417 852 102 121 743 -481 579 -464 -581 644 101 110 -505 885 -927 -720 -388 -640 -843 -615 758 317 -387 994 317 614 -615 867 -794 -236 -927 201 299 -400 273 -210 906 283 -712 -157 -119 -388 -560 618 -249 22 -180 -898 896 -35 319 -46 594 847 152 15 109 -419 530 787 -803 -642 -178 281 -760 -46 973 61 453 -92 399 -555 745 320 -617 768 198 361
-338 -106 333 -580 -978 438 -293 -192 -688 222 54 118 -872 889 -444 -836 -658 631 740 -779 40 617 -733 429 -712 -67 -666 613 -923 -526 -366 -835 -346 -56 769 -246 -672 857 980 -955 640 -127 -499 56 -788 -42 -899 103 506 7 589 -385 471 -426 -27 -343 -102 426 696 874 620 541 431 457 -196 -132 -340 384 662 -166 -967 300 -368 372 -559 256 415 765 757 -930 507 -248 -125 473 -333 527 -135 -862 -206 500 -697 -303 -783 -72 494 486 -335 -625 954 -91
-549 -459 576 91 -606 537 -316 553 468 -254 -735 350 -721 -480 286 -850 27 -603 -814 -57 257 -1000 682 -433 -274 736 -555 37 268 -874 -372 -476 -324 852 76 425 -894 -934 381 -651 -953 -625 358 -601 -849 -124 -777 756 -448 -517 -137 -726 314 -351 -142 -795 658 121 83 375 -431 -452 552 -692 -117 454 -734 218 63 58 975 222 -351 674 108 556 -549 819 341 -873 268 790 -69 -277 -836 -771 -329 -303 134 -654 -754 -919 -966 170 -318 938 -824 156 -56 -939
780 461 -841 26 -10 -535 271 982 75 34 -304 921 -838 507 924 113 89 -31 -34 -142 878 -579 662 447 -992 377 803 541 678 855 -816 1 708 266 864 540 984 -349 -267 160 -34 -871 -806 -469 -71 147 407 -656 -569 909 -61 -797 -535 42 407 -938 184 327 302 -492 -412 -603 -994 802 -66 957 241 875 145 807 786 -614 -411 439 -622 875 556 293 954 -184 200 -417 -928 806 -316 -402 -803 -781 253 296 412 -459 -532 -908 -456 -595 610 -227 -303 153
776 355 577 -500 596 760 986 -687 -339 365 -778 830 35 324 -626 -158 -499 -670 898 -823 943 -366 -400 -463 421 680 56 581 -891 895 -767 -72 47 -860 662 -108 -303 610 525 328 166 255 633 -442 -19 -627 993 651 -602 -523 -290 -213 235 -974 169 56 -805 960 -162 -339 -880 905 92 -393 467 -675 482 -451 -168 553 462 278 583 -395 890 -723 -319 -611 392 591 -398 -779 -302 -466 -449 324 -922 219 670 422 -49 146 171 858 546 -627 -456 738 382 -863
30 428 -914 -73 -364 972 603 -281 -304 -813 667 -241 -946 337 -947 596 690 -663 672 698 344 963 -685 -140 322 -958 -1000 467 515 369 -909 388 -830 -274 -867 802 -968 979 309 632 61 -432 503 -329 418 280 -626 597 459 754 -483 109 994 -174 -205 -891 -705 -191 89 174 -733 755 550 440 720 -400 -270 604 -116 432 621 -255 -122 -195 -215 -559 729 -839 788 405 804 655 -419 -297 -596 88 -734 679 -264 911 168 -520 -539 -250 -139 -5 872 -783 -353 888
-441 -74 391 487 934 378 -81 253 -132 -714 706 -388 995 -172 -139 -472 360 82 337 90 -787 883 -713 -1000 456 615 -587 696 428 -78 242 -483 705 30 145 -304 521 346 9 89 508 -204 5 466 38 -361 -579 536 721 234 632 -894 361 33 357 -28 -844 756 -311 605 123 -331 -970 416 606 -91 -764 -185 891 752 -347 -218 677 -178 344 -481 -394 -354 325 576 188 -621 -979 -931 409 -408 -901 548 897 68 -727 -495 23 561 -182 -507 577 824 -676 914
170 988 -724 -724 690 -114 469 605 307 -124 -681 550 651 -302 -349 49 -842 660 -95 -970 98 475 428 -297 -34 -811 -196 299 585 533 -977 73 -495 860 871 841 -928 -908 915 288 412 -747 -486 -241 -981 575 333 -369 -77 -249 -279 -463 -331 711 -767 -336 808 367 -455 -482 378 -993 501 -900 -555 121 -478 756 578 -174 -124 139 60 -187 -557 -140 -495 -407 -809 -96 -777 837 -68 249 -559 918 808 -769 951 -360 -751 731 -190 919 -952 -663 119 -499 958 -891
726 502 804 -832 696 810 -317 701 -458 -882 569 -46 161 413 -547 -739 482 516 -259 -458 965 -224 -190 -137 385 414 477 -71 -801 -109 5 -549 17 -77 606 -58 486 258 -364 96 -702 -411 330 -62 -329 -902 -765 683 -638 547 622 -529 840 -482 -850 -607 -452 -293 -62 -691 -666 740 -831 -648 -652 -730 -199 -94 444 636 306 784 -93 -768 197 467 -167 46 725 -181 710 -492 -140 -447 295 198 547 275 238 503 196 -405 258 -266 -484 -446 999 -445 -921 736
529 -129 938 151 -411 -184 -73 -62 -722 -962 261 -602 160 466 -834 -711 115 43 79 12 160 -532 -747 554 735 60 -872 -960 -546 653 548 -923 242 743 494 -223 633 -81 -7 -410 409 -33 952 -573 -979 -342 744 -968 -698 97 -280 945 702 926 -443 -758 -6 -638 -486 519 814 628 -442 470 795 -110 -315 560 867 -902 718 -125 61 -267 509 -881 32 -5 821 -420 100 -174 784 -354 66 -957 848 554 473 218 -484 711 821 623 648 -996 -257 186 29 121
-307 64 230 -753 606 -134 -501 792 355 41 -494 -526 -116 -83 -648 521 -196 -123 -930 -329 -825 -216 685 -765 -150 -402 304 491 250 465 -161 231 -851 -704 631 -167 763 -870 -644 -669 755 -402 69 748 -594 951 99 -715 764 -852 630 935 647 655 -183 597 338 976 853 739 504 -7 -122 413 706 525 -665 -897 -260 449 -37 842 748 -611 203 226 243 64 634 479 651 976 107 -80 583 -158 367 -382 129 -311 111 364 -389 694 272 267 -252 -796 -659 331
280 719 790 369 -357 908 -332 213 162 -282 -971 664 910 562 424 543 -349 -195 73 -162 217 -622 844 -996 -807 -13 50 469 782 -283 -526 735 -939 -385 261 -113 -475 -124 432 552 307 677 -383 782 62 422 -359 -433 -101 -273 -262 108 126 -71 -642 -29 -381 324 714 497 -199 -33 447 -697 -528 182 -919 968 644 -478 -333 705 486 -146 -699 697 173 -572 692 -256 732 -826 322 636 275 133 912 -72 -208 -328 358 464 831 -327 753 -3 -150 -879 -839 629
-604 432 161 -282 -214 843 705 39 -333 -703 652 -800 420 760 -387 431 914 168 -875 -408 857 -413 -723 -248 539 471 718 -869 -426 999 110 -554 -234 -310 -266 -307 -831 997 988 -756 -25 524 -594 -975 41 -784 101 78 624 427 651 -735 816 -420 -509 584 1 512 -393 -483 -128 997 -487 403 -663 489 968 -37 641 965 -800 186 -675 856 183 343 -643 -32 -550 -632 -9 635 508 -178 108 288 554 617 -803 -349 754 -632 173 888 274 639 -325 449 835 -496
600 -322 580 -822 103 -1 191 -477 357 -303 57 -900 -635 -441 175 15 -448 518 -865 187 -401 343 -212 847 989 -769 326 -558 -86 -451 746 204 104 -19 -768 204 935 480 592 -340 974 -923 795 -716 902 376 666 -256 -439 -211 538 -741 -980 695 -294 -522 -866 344 657 -926 -549 -358 -268 447 -355 625 131 -362 -415 -738 -208 836 807 -524 -759 1 964 -566 -166 284 -104 -85 169 -638 377 690 170 -634 -81 -688 -509 433 93 200 -180 72 -953 545 497 -438
507 750 757 -532 -541 -765 65 -935 -866 -338 -25 -693 -88 -659 -22 -345 453 -339 -21 -948 -541 -167 220 -289 225 -929 -89 -191 437 -717 -376 -605 168 377 888 -631 102 -666 885 775 -376 -373 -404 761 473 806 337 288 -118 397 -970 -8 -942 -404 -447 -790 -720 624 -975 547 479 842 412 786 779 -719 949 809 241 -501 240 361 -959 -881 -836 -772 508 732 -580 -502 864 -580 951 -28 -305 381 613 439 -619 -526 -476 -828 -378 -290 -850 405 568 -215 -607 339
-745 732 675 556 21 -615 -439 -433 -665 -813 326 -709 226 -489 -230 425 -50 -370 -905 28 -496 -644 517 -817 568 -424 643 92 387 795 172 -387 663 -19 -7 131 522 747 482 -232 -509 -399 98 72 607 -455 337 814 -676 -216 953 126 379 489 157 943 -86 -378 180 -744 685 428 -8 406 -870 -788 -768 266 -411 236 -930 -296 52 -824 869 -55 718 527 655 166 -315 -780 727 282 -377 -422 -688 281 325 -315 -515 272 366 975 989 123 -132 -672 263 -502
607 122 -401 163 -118 799 -150 -71 685 -848 -549 -113 801 574 350 111 97 328 -687 -109 30 -12 43 -220 -103 613 -312 10 149 977 532 -329 -904 -580 674 -363 233 673 328 911 211 297 -117 -928 879 76 -194 -84 -446 -855 525 -457 966 598 -138 520 -382 727 398 -574 -863 272 170 -322 383 -452 -60 -55 667 -118 774 272 949 -304 -488 -361 -824 907 -603 969 209 371 53 611 801 -879 -530 -162 300 -36 -92 253 65 -856 -834 906 -979 335 512 857
-814 812 846 161 -838 713 369 613 933 -864 -178 -891 217 -44 70 -588 771 -984 34 -595 948 243 -792 431 -997 104 114 -513 -561 684 -202 -258 -879 831 109 -237 -666 -591 -813 -287 -718 519 -556 4 -986 -500 -24 -421 -4 819 -578 611 -165 932 -272 727 -69 578 -449 -581 221 -290 270 323 -459 -104 10 -6 169 -849 -935 476 -548 479 -918 765 309 -794 850 381 -173 -54 178 980 285 -31 -490 484 -506 859 526 359 -508 -10 328 -932 103 756 -403 137
-991 161 783 484 401 215 -456 555 -155 -471 775 683 532 -410 -902 -934 602 -879 -264 -257 -530 970 -986 -15 423 162 988 -298 605 207 -341 -287 -487 -991 -866 -216 -375 -163 179 212 998 -948 462 63 392 -856 -915 320 353 679 -750 565 -675 -937 377 -920 -932 -603 -189 -214 -956 -733 -13 721 96 559 -408 370 -725 -256 -675 349 677 914 -946 -332 -444 -451 -628 -969 -517 -712 836 -320 -50 -907 452 761 600 231 207 305 -177 30 -831 864 748 331 715 488
1 -749 -652 -759 213 879 376 -7 230 372 64 515 -973 773 401 739 500 -965 -356 303 -309 218 -526 -176 -482 -469 -809 618 -264 813 -708 -88 -781 -72 552 599 553 788 -414 620 924 61 572 -771 873 -347 -149 718 241 26 -685 578 -761 -162 -79 568 -629 -907 -213 -422 -207 724 703 710 -32 467 -180 800 -350 -951 -654 -808 -884 -922 312 280 -160 828 35 226 570 579 674 643 -574 -7 -590 -876 -126 682 -556 473 -399 -846 -352 -939 492 -590 731 -290
379 238 436 -370 901 -879 -997 -480 -810 -865 -890 -591 243 609 556 -956 708 -798 978 592 -168 -527 847 -491 -653 -22 -228 -599 336 867 609 -737 499 251 -506 735 237 368 -81 967 934 222 -995 671 -709 800 -200 758 636 355 -212 512 -184 17 -744 -389 -393 -467 -520 -302 -279 -553 -229 304 -188 -478 -914 264 -724 -664 -133 798 -827 -798 464 969 521 919 810 859 830 -848 507 -101 235 473 504 528 -286 -279 -506 -123 170 672 -759 47 499 42 855 -558
-453 -611 -766 -197 801 680 210 729 115 314 291 -657 -129 -55 -710 840 -328 -883 -942 -567 142 -639 -149 307 65 467 -423 477 838 237 -653 165 -527 -632 620 -214 25 -506 -404 211 725 626 935 -564 -574 -646 716 -392 -405 -728 626 251 151 -725 -72 102 -354 89 515 -237 407 817 -373 79 -12 130 -173 311 557 167 160 415 -313 -415 417 643 6 529 -267 861 -762 -822 558 63 -266 -416 -743 805 -370 386 744 -131 710 -382 -148 -955 -661 423 628 590
244 693 -477 496 49 -132 162 902 989 686 224 303 -484 -19 90 453 732 -380 -491 323 -834 549 -461 -594 -788 107 835 -961 192 -358 182 86 509 480 -149 -424 -568 -644 706 842 779 -810 -603 -697 860 962 140 374 693 289 817 185 871 -12 906 323 868 267 486 434 -626 -839 23 721 -277 -312 890 -682 -503 133 -741 -656 -5 -645 -1000 533 -699 256 -394 662 222 -902 39 748 -592 -622 392 349 96 203 956 -903 -108 -265 345 439 -764 -45 -733 749
-847 889 12 480 -865 961 772 -843 907 -511 150 220 261 464 118 -953 80 -57 -419 -983 -536 866 80 -118 829 -304 230 -860 848 162 505 -920 -105 882 -451 -445 905 570 137 130 280 320 948 -973 -466 -722 557 -64 843 -950 87 -182 -437 41 219 322 -123 966 611 -744 -832 -777 -746 880 971 -225 -186 -342 -375 80 -405 -754 -860 298 -736 955 315 -93 810 676 -604 -942 -298 -797 -355 766 -149 283 373 220 996 744 87 -67 977 -311 579 895 -899 -372
915 -235 599 18 -813 419 742 453 361 120 -55 -49 -430 533 -954 -579 716 652 867 52 -619 256 -737 685 67 -852 -610 255 -901 317 491 978 64 -492 -781 -494 -60 -259 -632 -586 -898 -269 401 472 617 71 432 611 529 -377 -75 601 639 -22 670 -462 317 -482 429 564 990 36 219 -19 153 -445 930 -157 -975 -459 33 590 893 -656 86 -369 -782 -575 -64 180 -851 975 -947 -877 144 327 838 751 841 578 20 731 881 -843 -43 -662 382 231 213 486
972 -232 -847 88 -662 818 -299 305 860 -20 302 -22 666 -224 -940 359 261 897 -553 422 -711 -859 462 757 100 577 187 -597 -480 828 90 730 -775 -647 -84 -19 457 793 -711 -183 948 360 -5 548 388 103 -124 77 583 285 -640 77 -723 100 -621 239 -228 -501 -560 -878 -714 783 169 -467 742 99 -26 -983 -789 496 437 -473 -748 490 -49 629 -98 555 243 975 156 495 -190 934 -561 -22 -997 -953 11 667 -849 904 493 327 -444 254 -860 -918 -374 387
-27 -70 922 -823 943 -226 -567 -31 383 -623 -155 681 -633 157 -681 161 -929 -696 257 500 514 971 -873 151 -92 -195 206 392 -68 50 -520 540 -798 120 -747 -90 822 132 663 554 -850 622 451 -440 -680 162 -207 -57 416 312 186 3 363 -856 41 256 583 -206 343 -852 499 797 147 -994 851 -998 -280 966 -170 -851 -80 -292 -458 -424 122 -456 869 -383 -43 357 195 248 -533 -592 11 75 -322 -829 -923 -341 3 -757 958 858 590 -228 -908 -49 259 -230
70 -640 -755 -126 -154 -476 483 570 -486 906 832 -790 -900 -155 96 -534 869 70 -898 684 127 -838 190 255 -65 -164 266 955 -325 318 -751 769 841 -786 -526 -814 443 74 -294 -992 -867 -850 -180 246 764 -982 437 443 -960 332 276 668 -270 -66 698 -204 -606 -514 -698 -743 -640 591 -232 120 309 -271 645 241 637 773 238 460 -44 927 -538 -301 355 220 736 -396 649 -918 -352 -295 -742 570 -634 418 -230 -986 728 997 -361 -896 149 832 -335 -412 -728 194
-809 -76 -290 466 -139 739 -284 94 -389 -381 -132 -20 -245 -897 -278 649 677 458 50 532 466 -364 747 -529 -630 700 688 -16 475 -539 439 483 -842 -24 -103 -478 -805 553 937 -192 241 -551 -338 722 751 -76 -13 565 870 854 -411 618 130 -946 -428 68 658 -152 -299 202 213 632 -636 -879 -385 -326 718 535 333 -309 321 513 -342 -143 375 -497 -449 6 -207 -633 672 947 -1 66 301 -25 -994 149 840 799 41 20 24 937 -148 -183 -833 -805 -839 792
500 -394 -509 456 398 -631 -710 528 -166 -190 867 -560 -890 -297 957 452 -631 839 394 -805 -229 -233 -652 -762 979 502 697 64 925 -593 -496 774 391 -911 -672 247 -896 -631 8 -523 539 1000 254 548 953 -745 594 -853 -519 -594 138 -675 -348 914 -33 735 -452 608 776 546 -738 758 431 14 -304 -52 -459 -415 -258 636 393 -269 -846 351 593 700 87 -816 657 -3 511 -712 -581 145 -933 -888 899 -215 -608 -382 -913 860 -635 -248 -837 93 777 -566 -477 325
179 121 585 -600 32 316 -190 -378 -576 -411 -568 482 600 -784 215 -681 907 -606 822 -845 912 409 106 394 -397 334 684 -12 915 948 897 -17 823 -344 -260 -552 -410 191 -242 -86 -367 -368 237 140 -649 -923 380 531 -963 -990 -482 519 -160 -437 -65 -585 310 528 -352 362 -661 -488 -438 -604 155 -740 424 27 -558 693 119 186 -527 466 -388 -63 -769 647 -335 -107 697 -292 193 -640 878 295 816 524 367 970 850 427 198 -341 768 196 -225 -204 -134 -799
727 -321 -245 -739 -278 -136 223 -703 61 -30 -702 -889 -166 126 415 521 -466 -513 -709 -488 -538 -540 883 -345 -437 815 -238 -23 60 897 364 -61 -84 568 924 57 -538 197 -608 -143 -652 -63 536 775 863 714 959 104 363 10 957 -665 -954 334 -984 661 173 484 -210 881 593 338 -336 423 346 -333 485 440 -863 633 512 -243 110 -304 -51 300 902 54 818 -232 -706 -5 790 -234 388 171 720 -787 399 171 748 -369 -341 -786 620 -993 -67 -419 -685 -769
454 -786 169 -763 -460 -587 176 -18 -619 -225 -974 -753 36 528 -978 159 160 -938 -159 406 -546 834 790 -911 742 209 427 8 -907 216 -669 497 -410 -349 988 249 -778 -910 -517 -412 733 -842 713 665 -257 558 623 -74 -251 990 646 72 467 -247 424 -933 -636 85 -992 -174 158 -597 -676 -652 -964 -813 134 726 -230 567 374 7 -407 -826 -566 601 -854 30 690 -74 -434 932 -412 -270 850 690 -691 961 -871 560 -446 778 -964 645 -536 -61 -259 -484 88 -200
-561 -321 526 498 -339 485 -349 -235 -363 -390 -133 347 535 642 -884 300 335 487 558 -708 516 705 -782 432 83 434 78 369 -33 -47 744 -40 -361 240 845 131 -733 -256 -616 264 -847 153 -665 935 -547 -832 377 321 -912 -380 -865 -413 422 -786 843 -691 695 74 209 -346 895 -551 658 -151 157 322 -262 -821 -629 -384 38 -770 1000 938 -577 -738 183 667 -479 -9 -182 -547 -692 -541 -478 834 234 562 49 -449 -124 -584 423 -348 -681 -933 656 -708 -789 -636
-956 623 181 -357 -803 965 896 638 -343 860 -332 625 -461 -626 -86 105 -115 524 640 636 -387 72 159 -419 41 290 998 -551 484 121 -360 296 -649 351 408 682 946 433 530 427 -65 -134 -23 -812 -807 -683 639 -657 534 224 -571 184 -555 -630 630 -473 -522 846 596 969 345 621 229 554 325 368 458 345 -337 -492 180 -58 -50 -941 90 582 -153 -438 186 -414 -276 -172 -567 310 -902 -471 -788 329 276 -112 -776 -43 137 -24 -361 909 -933 -111 986 625
975 -334 884 -452 143 612 -115 573 157 0 -865 -489 -833 -580 592 326 148 -644 -886 190 -189 -915 109 158 -142 -428 -759 -586 -699 -344 -999 837 -826 792 301 991 -610 -808 -926 452 703 924 -166 -993 2 -138 876 223 491 198 -440 -762 606 980 -253 429 71 487 125 358 239 255 299 342 376 862 762 -342 -464 259 458 -890 -547 -512 794 64 -577 -491 746 45 -328 -274 -832 -92 -725 709 479 -708 -434 -923 -429 -473 -68 571 99 -118 -929 452 361 -950
738 22 -857 -645 -789 456 -744 -976 438 342 249 -868 -280 -959 -838 -576 97 -779 -280 778 -371 -227 -919 -278 244 23 -220 -926 -351 -468 688 25 -643 16 -246 -297 355 -538 426 -869 -169 -193 300 370 708 -81 -208 406 -917 291 -385 961 -37 -920 876 892 -50 -529 630 -501 -601 446 -580 722 -921 119 163 -423 -878 102 -901 -52 -389 -145 -358 321 -299 310 -815 119 -29 150 138 -870 589 -478 252 961 766 -844 551 723 275 945 -762 -496 -928 -457 704 828
